Fx	Fy	Fz	Mx	My	Mz	XMm	YMm	ZMm	Xdeg	Ydeg	Zdeg	XWf	YWf	ZWf	XaWf	YaWf	ZaWf	XEr	YEr	ZEr	XaEr	YaEr	ZaEr	FxCs	FyCs	FzCs	MxCs	MyCs	MzCs	FxCp	FyCp	FzCp	MxCp	MyCp	MzCp	SrTp	TbTp	HPrs	CntA	CntB	FxSm	FySm	FzSm	MxSm	MySm	MzSm
-2.858	-2.4355	-221.0272	-0.0146	0.0374	0.6772	0.877	-0.5369	-2.6392	-6.1838	-1.3945	1.8986	0.8669	-0.5297	-2.6326	-6.1772	-1.5661	1.9652	-0.0101	0.0073	0.0066	0.0067	-0.1716	0.0666	0	0	0	0	0	0	0	0	0	0	0	0	36.711	37.8553	5364.8711	0.0599	0	-2.858	-2.4355	-221.0272	-0.0146	0.0374	0.6772
-3.1734	-1.8466	-219.6886	-0.0462	-0.0199	0.7027	0.876	-0.5297	-2.6345	-6.1873	-1.3958	1.9523	0.8704	-0.5304	-2.6318	-6.1774	-1.565	2.0087	-0.0056	-0.0007	0.0027	0.0099	-0.1691	0.0564	0	0	0	0	0	0	0	0	0	0	0	0	36.7116	37.8551	5364.9205	0.0606	0	-3.1734	-1.8466	-219.6886	-0.0462	-0.0199	0.7027
-2.9145	-1.9921	-221.5467	0.0132	0.0101	0.7046	0.8803	-0.5278	-2.6336	-6.1915	-1.3941	1.9911	0.8739	-0.5311	-2.6308	-6.1776	-1.5637	2.0522	-0.0064	-0.0033	0.0028	0.0139	-0.1696	0.0611	0	0	0	0	0	0	0	0	0	0	0	0	36.712	37.8563	5364.8552	0.0613	0	-2.9145	-1.9921	-221.5467	0.0132	0.0101	0.7046
-2.6654	-2.7021	-220.6729	-0.0329	0.046	0.7172	0.8864	-0.5335	-2.6371	-6.2037	-1.3979	2.027	0.8774	-0.5318	-2.6299	-6.1778	-1.5625	2.0956	-0.009	0.0017	0.0072	0.0259	-0.1646	0.0686	0	0	0	0	0	0	0	0	0	0	0	0	36.7118	37.856	5364.739	0.0619	0	-2.6654	-2.7021	-220.6729	-0.0329	0.046	0.7172
-2.8504	-2.6332	-221.3471	-0.0172	0.0525	0.7322	0.8896	-0.5382	-2.6374	-6.1985	-1.4001	2.0719	0.8809	-0.5325	-2.629	-6.1779	-1.5612	2.1389	-0.0087	0.0056	0.0084	0.0206	-0.161	0.0669	0	0	0	0	0	0	0	0	0	0	0	0	36.7112	37.8573	5364.5209	0.0626	0	-2.8504	-2.6332	-221.3471	-0.0172	0.0525	0.7322
-3.1627	-1.8933	-221.1425	-0.0276	0.0055	0.7613	0.8872	-0.5293	-2.6334	-6.1905	-1.4019	2.1144	0.8844	-0.5332	-2.628	-6.178	-1.5598	2.182	-0.0028	-0.0039	0.0053	0.0126	-0.1579	0.0677	0	0	0	0	0	0	0	0	0	0	0	0	36.7109	37.8574	5364.4616	0.0632	0	-3.1627	-1.8933	-221.1425	-0.0276	0.0055	0.7613
-2.445	-2.178	-221.6339	-0.0001	0.0398	0.7659	0.8961	-0.5284	-2.6315	-6.1968	-1.4025	2.1574	0.8879	-0.534	-2.627	-6.1781	-1.5584	2.2252	-0.0081	-0.0055	0.0045	0.0187	-0.1559	0.0677	0	0	0	0	0	0	0	0	0	0	0	0	36.7103	37.8578	5364.3697	0.0639	0	-2.445	-2.178	-221.6339	-0.0001	0.0398	0.7659
-2.3315	-2.5077	-221.9757	-0.0139	0.0228	0.7841	0.9006	-0.5335	-2.63	-6.1885	-1.4023	2.199	0.8915	-0.5347	-2.626	-6.1781	-1.557	2.2681	-0.0091	-0.0012	0.004	0.0104	-0.1547	0.0691	0	0	0	0	0	0	0	0	0	0	0	0	36.7101	37.858	5364.2557	0.0646	0	-2.3315	-2.5077	-221.9757	-0.0139	0.0228	0.7841
-2.7289	-2.7868	-221.1362	-0.0267	0.0127	0.8088	0.8976	-0.5396	-2.6271	-6.1953	-1.4086	2.2438	0.8951	-0.5354	-2.625	-6.1781	-1.5555	2.311	-0.0025	0.0042	0.0021	0.0171	-0.1469	0.0671	0	0	0	0	0	0	0	0	0	0	0	0	36.7097	37.8578	5364.2324	0.0652	0	-2.7289	-2.7868	-221.1362	-0.0267	0.0127	0.8088
-2.8596	-2.5014	-221.5413	-0.0329	0.0029	0.8216	0.8981	-0.5426	-2.6242	-6.1906	-1.4074	2.2943	0.8986	-0.5361	-2.624	-6.1781	-1.554	2.3538	0.0005	0.0065	0.0003	0.0125	-0.1466	0.0595	0	0	0	0	0	0	0	0	0	0	0	0	36.7099	37.8573	5364.1562	0.0659	0	-2.8596	-2.5014	-221.5413	-0.0329	0.0029	0.8216
-2.4865	-2.1921	-222.6028	-0.0217	-0.0067	0.8376	0.9064	-0.5397	-2.6268	-6.1976	-1.4073	2.3351	0.9022	-0.5368	-2.6229	-6.178	-1.5524	2.3964	-0.0041	0.0029	0.0039	0.0196	-0.1451	0.0613	0	0	0	0	0	0	0	0	0	0	0	0	36.7103	37.8567	5364.1733	0.0665	0	-2.4865	-2.1921	-222.6028	-0.0217	-0.0067	0.8376
-2.2216	-2.1023	-224.175	0.0416	-0.0094	0.8528	0.9184	-0.5354	-2.6272	-6.2018	-1.4051	2.3833	0.9058	-0.5375	-2.6218	-6.1779	-1.5508	2.4389	-0.0126	-0.0021	0.0053	0.0238	-0.1457	0.0556	0	0	0	0	0	0	0	0	0	0	0	0	36.7107	37.8564	5364.1749	0.0672	0	-2.2216	-2.1023	-224.175	0.0416	-0.0094	0.8528
-2.6078	-1.707	-224.3875	0.0424	-0.0189	0.8688	0.913	-0.5342	-2.6259	-6.1918	-1.4057	2.4211	0.9095	-0.5382	-2.6208	-6.1778	-1.5491	2.4813	-0.0035	-0.004	0.0051	0.0139	-0.1434	0.0602	0	0	0	0	0	0	0	0	0	0	0	0	36.7103	37.8552	5364.1446	0.0679	0	-2.6078	-1.707	-224.3875	0.0424	-0.0189	0.8688
-2.3436	-2.4083	-224.4293	0.022	0.0294	0.8746	0.9135	-0.5439	-2.6255	-6.1818	-1.4027	2.4566	0.9131	-0.5389	-2.6196	-6.1777	-1.5474	2.5235	-0.0004	0.0049	0.0058	0.0041	-0.1447	0.0669	0	0	0	0	0	0	0	0	0	0	0	0	36.7099	37.8554	5364.0708	0.0685	0	-2.3436	-2.4083	-224.4293	0.022	0.0294	0.8746
-2.3497	-2.453	-223.4925	-0.0121	-0.0217	0.9014	0.9191	-0.5464	-2.625	-6.1846	-1.3986	2.5076	0.9168	-0.5396	-2.6185	-6.1775	-1.5456	2.5656	-0.0023	0.0067	0.0065	0.0071	-0.1471	0.0579	0	0	0	0	0	0	0	0	0	0	0	0	36.7106	37.8548	5364.0831	0.0692	0	-2.3497	-2.453	-223.4925	-0.0121	-0.0217	0.9014
-2.3495	-2.0066	-224.0016	0.0047	-0.0138	0.918	0.9271	-0.5405	-2.6228	-6.1906	-1.4033	2.5551	0.9204	-0.5403	-2.6174	-6.1772	-1.5438	2.6075	-0.0067	0.0002	0.0054	0.0133	-0.1405	0.0524	0	0	0	0	0	0	0	0	0	0	0	0	36.7113	37.8557	5364.1109	0.0698	0	-2.3495	-2.0066	-224.0016	0.0047	-0.0138	0.918
-2.1915	-1.5392	-225.1492	0.0341	-0.0365	0.9366	0.931	-0.5328	-2.6193	-6.2027	-1.4011	2.5938	0.9241	-0.541	-2.6162	-6.177	-1.542	2.6493	-0.0069	-0.0083	0.0032	0.0257	-0.1409	0.0556	0	0	0	0	0	0	0	0	0	0	0	0	36.7113	37.8563	5364.1474	0.0705	0	-2.1915	-1.5392	-225.1492	0.0341	-0.0365	0.9366
-2.2115	-1.9532	-224.6982	-0.0094	-0.0245	0.9457	0.9431	-0.5388	-2.6226	-6.1925	-1.4027	2.6321	0.9278	-0.5417	-2.615	-6.1767	-1.5401	2.6909	-0.0153	-0.003	0.0076	0.0158	-0.1374	0.0588	0	0	0	0	0	0	0	0	0	0	0	0	36.7119	37.8551	5364.1806	0.0712	0	-2.2115	-1.9532	-224.6982	-0.0094	-0.0245	0.9457
-2.7174	-2.1448	-224.4462	-0.0144	-0.0329	0.9717	0.9259	-0.5519	-2.6172	-6.1995	-1.4053	2.6709	0.9315	-0.5424	-2.6138	-6.1764	-1.5381	2.7324	0.0057	0.0095	0.0034	0.0231	-0.1328	0.0615	0	0	0	0	0	0	0	0	0	0	0	0	36.7116	37.8542	5364.0658	0.0718	0	-2.7174	-2.1448	-224.4462	-0.0144	-0.0329	0.9717
-2.4485	-2.0639	-224.9743	0.0344	-0.0352	0.9816	0.9409	-0.5472	-2.6183	-6.1965	-1.4014	2.7101	0.9353	-0.5431	-2.6126	-6.176	-1.5361	2.7737	-0.0056	0.0041	0.0057	0.0205	-0.1347	0.0636	0	0	0	0	0	0	0	0	0	0	0	0	36.7111	37.853	5364.0326	0.0725	0	-2.4485	-2.0639	-224.9743	0.0344	-0.0352	0.9816
-2.2037	-1.6807	-226.4349	0.0358	-0.0069	0.998	0.9469	-0.5428	-2.618	-6.1763	-1.3978	2.7532	0.939	-0.5438	-2.6113	-6.1756	-1.534	2.8148	-0.0079	-0.0009	0.0066	0.0006	-0.1362	0.0616	0	0	0	0	0	0	0	0	0	0	0	0	36.7112	37.8531	5363.9948	0.0731	0	-2.2037	-1.6807	-226.4349	0.0358	-0.0069	0.998
-2.0366	-1.6077	-226.722	0.0486	-0.016	1.0065	0.9509	-0.5429	-2.6176	-6.1784	-1.3996	2.809	0.9428	-0.5445	-2.6101	-6.1752	-1.5319	2.8558	-0.0081	-0.0015	0.0075	0.0031	-0.1324	0.0468	0	0	0	0	0	0	0	0	0	0	0	0	36.7114	37.8536	5364.0535	0.0738	0	-2.0366	-1.6077	-226.722	0.0486	-0.016	1.0065
-2.5277	-2.0576	-226.2673	0.025	-0.0134	1.0213	0.9463	-0.5436	-2.6237	-6.1794	-1.3944	2.8391	0.9466	-0.5451	-2.6088	-6.1748	-1.5298	2.8966	0.0002	-0.0015	0.0149	0.0047	-0.1354	0.0574	0	0	0	0	0	0	0	0	0	0	0	0	36.7109	37.8534	5364.0073	0.0745	0	-2.5277	-2.0576	-226.2673	0.025	-0.0134	1.0213
-2.2035	-2.5637	-223.6664	-0.0331	-0.0285	1.0414	0.9498	-0.547	-2.6185	-6.1737	-1.4026	2.8766	0.9504	-0.5458	-2.6075	-6.1743	-1.5276	2.9371	0.0006	0.0013	0.0109	-0.0006	-0.125	0.0606	0	0	0	0	0	0	0	0	0	0	0	0	36.7107	37.8538	5363.9941	0.0751	0	-2.2035	-2.5637	-223.6664	-0.0331	-0.0285	1.0414
-1.8101	-2.6965	-223.9701	-0.017	-0.0171	1.0566	0.9604	-0.5495	-2.6123	-6.1854	-1.3984	2.9192	0.9542	-0.5465	-2.6062	-6.1738	-1.5253	2.9776	-0.0062	0.0031	0.0061	0.0116	-0.127	0.0583	0	0	0	0	0	0	0	0	0	0	0	0	36.7103	37.8534	5363.9581	0.0758	0	-1.8101	-2.6965	-223.9701	-0.017	-0.0171	1.0566
-2.0842	-2.3177	-223.4926	-0.0352	-0.0475	1.0719	0.9648	-0.5446	-2.6123	-6.1741	-1.4009	2.9825	0.958	-0.5471	-2.6049	-6.1733	-1.523	3.0178	-0.0068	-0.0025	0.0074	0.0009	-0.1222	0.0353	0	0	0	0	0	0	0	0	0	0	0	0	36.7106	37.8541	5363.9377	0.0764	0	-2.0842	-2.3177	-223.4926	-0.0352	-0.0475	1.0719
-2.1989	-2.4164	-224.6487	-0.0606	-0.0083	1.0732	0.9553	-0.5473	-2.615	-6.1784	-1.3951	3.0064	0.9619	-0.5478	-2.6035	-6.1727	-1.5207	3.0578	0.0066	-0.0005	0.0114	0.0057	-0.1256	0.0515	0	0	0	0	0	0	0	0	0	0	0	0	36.7103	37.8552	5363.8154	0.0771	0	-2.1989	-2.4164	-224.6487	-0.0606	-0.0083	1.0732
-1.8927	-2.8322	-223.5889	-0.059	-0.0811	1.1118	0.9643	-0.5493	-2.6121	-6.1997	-1.399	3.0316	0.9657	-0.5484	-2.6022	-6.1721	-1.5182	3.0977	0.0014	0.0009	0.0099	0.0276	-0.1193	0.066	0	0	0	0	0	0	0	0	0	0	0	0	36.7108	37.8548	5363.6153	0.0778	0	-1.8927	-2.8322	-223.5889	-0.059	-0.0811	1.1118
-1.74	-2.8676	-224.5181	-0.036	-0.0879	1.1249	0.9818	-0.551	-2.6106	-6.1928	-1.3964	3.0906	0.9696	-0.5491	-2.6008	-6.1714	-1.5158	3.1373	-0.0122	0.0019	0.0098	0.0214	-0.1194	0.0467	0	0	0	0	0	0	0	0	0	0	0	0	36.7099	37.8554	5363.538	0.0784	0	-1.74	-2.8676	-224.5181	-0.036	-0.0879	1.1249
-2.1296	-1.9324	-224.9077	-0.0354	-0.0373	1.1273	0.9745	-0.5491	-2.6084	-6.1833	-1.396	3.133	0.9735	-0.5497	-2.5994	-6.1708	-1.5133	3.1767	-0.001	-0.0005	0.009	0.0125	-0.1173	0.0438	0	0	0	0	0	0	0	0	0	0	0	0	36.7099	37.855	5363.6079	0.0791	0	-2.1296	-1.9324	-224.9077	-0.0354	-0.0373	1.1273
-2.228	-2.374	-224.7197	-0.0089	-0.0878	1.1619	0.9782	-0.5462	-2.6095	-6.1958	-1.3958	3.1615	0.9775	-0.5503	-2.598	-6.1701	-1.5107	3.216	-0.0007	-0.0041	0.0115	0.0257	-0.1149	0.0545	0	0	0	0	0	0	0	0	0	0	0	0	36.7096	37.8549	5363.5244	0.0797	0	-2.228	-2.374	-224.7197	-0.0089	-0.0878	1.1619
-1.956	-2.5708	-224.1653	-0.0302	-0.0934	1.1796	0.99	-0.5553	-2.6084	-6.1851	-1.4011	3.1966	0.9814	-0.5509	-2.5966	-6.1694	-1.5081	3.255	-0.0086	0.0044	0.0118	0.0158	-0.107	0.0584	0	0	0	0	0	0	0	0	0	0	0	0	36.7103	37.8561	5363.3567	0.0804	0	-1.956	-2.5708	-224.1653	-0.0302	-0.0934	1.1796
-2.0545	-2.1414	-225.3256	0.0022	-0.0747	1.1951	0.9903	-0.5535	-2.6037	-6.1719	-1.3956	3.2475	0.9854	-0.5516	-2.5951	-6.1686	-1.5054	3.2938	-0.005	0.002	0.0085	0.0033	-0.1098	0.0463	0	0	0	0	0	0	0	0	0	0	0	0	36.71	37.857	5363.3221	0.0811	0	-2.0545	-2.1414	-225.3256	0.0022	-0.0747	1.1951
-2.3212	-1.43	-226.588	0.0091	-0.104	1.2005	0.9909	-0.5479	-2.6081	-6.183	-1.3954	3.2968	0.9894	-0.5522	-2.5937	-6.1678	-1.5027	3.3324	-0.0015	-0.0043	0.0144	0.0152	-0.1072	0.0357	0	0	0	0	0	0	0	0	0	0	0	0	36.7087	37.8573	5363.4011	0.0817	0	-2.3212	-1.43	-226.588	0.0091	-0.104	1.2005
-2.0584	-1.6325	-226.9421	-0.0171	-0.0869	1.2221	0.9939	-0.5457	-2.6019	-6.1813	-1.4001	3.3233	0.9934	-0.5528	-2.5922	-6.167	-1.4999	3.3709	-0.0006	-0.007	0.0097	0.0143	-0.0997	0.0476	0	0	0	0	0	0	0	0	0	0	0	0	36.7094	37.8555	5363.3254	0.0824	0	-2.0584	-1.6325	-226.9421	-0.0171	-0.0869	1.2221
-1.6559	-2.673	-226.035	0.013	-0.0486	1.2293	0.997	-0.5596	-2.6056	-6.1794	-1.3958	3.3548	0.9974	-0.5534	-2.5907	-6.1662	-1.497	3.409	0.0004	0.0062	0.0148	0.0132	-0.1012	0.0542	0	0	0	0	0	0	0	0	0	0	0	0	36.7093	37.8566	5363.3107	0.083	0	-1.6559	-2.673	-226.035	0.013	-0.0486	1.2293
-1.6534	-2.4296	-227.2806	-0.0069	-0.0419	1.2423	0.9998	-0.5601	-2.6016	-6.1612	-1.3995	3.4085	1.0014	-0.554	-2.5892	-6.1653	-1.4941	3.447	0.0017	0.0061	0.0124	-0.0041	-0.0946	0.0385	0	0	0	0	0	0	0	0	0	0	0	0	36.71	37.8557	5363.2941	0.0837	0	-1.6534	-2.4296	-227.2806	-0.0069	-0.0419	1.2423
-2.0252	-1.6097	-227.3631	0.0286	-0.0744	1.2722	1.0013	-0.5509	-2.6031	-6.1706	-1.3941	3.4419	1.0055	-0.5545	-2.5877	-6.1644	-1.4912	3.4848	0.0042	-0.0036	0.0154	0.0062	-0.097	0.0429	0	0	0	0	0	0	0	0	0	0	0	0	36.7102	37.8555	5363.2709	0.0844	0	-2.0252	-1.6097	-227.3631	0.0286	-0.0744	1.2722
-1.5344	-1.7754	-225.7669	-0.0485	-0.1294	1.2811	1.0153	-0.5505	-2.5998	-6.1606	-1.3958	3.483	1.0096	-0.5551	-2.5862	-6.1635	-1.4882	3.5223	-0.0057	-0.0047	0.0137	-0.0029	-0.0924	0.0393	0	0	0	0	0	0	0	0	0	0	0	0	36.7103	37.8567	5363.1862	0.085	0	-1.5344	-1.7754	-225.7669	-0.0485	-0.1294	1.2811
-1.7644	-2.9629	-224.7928	-0.0743	-0.0974	1.2895	1.0188	-0.5608	-2.5975	-6.1736	-1.3953	3.5253	1.0137	-0.5557	-2.5846	-6.1625	-1.4851	3.5596	-0.0051	0.0051	0.0129	0.0111	-0.0897	0.0343	0	0	0	0	0	0	0	0	0	0	0	0	36.7107	37.8563	5363.0145	0.0857	0	-1.7644	-2.9629	-224.7928	-0.0743	-0.0974	1.2895
-1.819	-3.0148	-226.6189	-0.016	-0.0225	1.2883	1.0103	-0.5624	-2.5933	-6.179	-1.3973	3.5568	1.0178	-0.5562	-2.5831	-6.1615	-1.482	3.5967	0.0076	0.0062	0.0102	0.0174	-0.0847	0.04	0	0	0	0	0	0	0	0	0	0	0	0	36.7118	37.8561	5362.9581	0.0863	0	-1.819	-3.0148	-226.6189	-0.016	-0.0225	1.2883
-1.9004	-2.052	-225.9293	-0.0465	-0.167	1.3359	1.019	-0.5563	-2.5907	-6.1723	-1.3952	3.5822	1.022	-0.5568	-2.5815	-6.1605	-1.4788	3.6336	0.0029	-0.0005	0.0092	0.0118	-0.0836	0.0514	0	0	0	0	0	0	0	0	0	0	0	0	36.7113	37.8554	5362.9447	0.087	0	-1.9004	-2.052	-225.9293	-0.0465	-0.167	1.3359
-1.2834	-2.0007	-227.6155	-0.0059	-0.1068	1.3499	1.0298	-0.5538	-2.5922	-6.1711	-1.4011	3.6272	1.0261	-0.5574	-2.5799	-6.1595	-1.4756	3.6702	-0.0037	-0.0035	0.0123	0.0116	-0.0744	0.043	0	0	0	0	0	0	0	0	0	0	0	0	36.7111	37.8563	5362.9503	0.0877	0	-1.2834	-2.0007	-227.6155	-0.0059	-0.1068	1.3499
-1.3667	-1.7176	-227.7103	0.0018	-0.1169	1.3712	1.0386	-0.5538	-2.5901	-6.1585	-1.3915	3.676	1.0303	-0.5579	-2.5783	-6.1584	-1.4723	3.7067	-0.0083	-0.0041	0.0117	0.0001	-0.0808	0.0307	0	0	0	0	0	0	0	0	0	0	0	0	36.7114	37.8558	5362.9556	0.0883	0	-1.3667	-1.7176	-227.7103	0.0018	-0.1169	1.3712
-2.1453	-2.501	-227.5903	-0.0004	-0.1224	1.3738	1.0273	-0.5573	-2.5865	-6.1749	-1.3871	3.7082	1.0345	-0.5584	-2.5767	-6.1573	-1.4689	3.7429	0.0072	-0.0011	0.0098	0.0175	-0.0818	0.0347	0	0	0	0	0	0	0	0	0	0	0	0	36.7114	37.8553	5362.8977	0.089	0	-2.1453	-2.501	-227.5903	-0.0004	-0.1224	1.3738
-1.4283	-2.5474	-226.2834	-0.0281	-0.1315	1.4004	1.0383	-0.5627	-2.5842	-6.1749	-1.3918	3.7341	1.0388	-0.559	-2.5751	-6.1562	-1.4655	3.7788	0.0004	0.0037	0.0091	0.0187	-0.0737	0.0448	0	0	0	0	0	0	0	0	0	0	0	0	36.7111	37.8561	5362.8641	0.0896	0	-1.4283	-2.5474	-226.2834	-0.0281	-0.1315	1.4004
-1.3299	-2.0245	-227.0133	-0.021	-0.1807	1.4312	1.046	-0.5611	-2.5859	-6.1675	-1.3961	3.7805	1.043	-0.5595	-2.5735	-6.1551	-1.4621	3.8146	-0.0029	0.0016	0.0124	0.0124	-0.0659	0.0341	0	0	0	0	0	0	0	0	0	0	0	0	36.7112	37.855	5362.8766	0.0903	0	-1.3299	-2.0245	-227.0133	-0.021	-0.1807	1.4312
-1.5273	-1.1195	-230.8799	0.033	-0.1248	1.4263	1.0423	-0.5557	-2.5888	-6.172	-1.3948	3.8279	1.0473	-0.56	-2.5718	-6.1539	-1.4585	3.8501	0.005	-0.0043	0.017	0.018	-0.0638	0.0222	0	0	0	0	0	0	0	0	0	0	0	0	36.7111	37.8548	5362.8068	0.091	0	-1.5273	-1.1195	-230.8799	0.033	-0.1248	1.4263
-1.6409	-1.5063	-228.1315	-0.0014	-0.1681	1.4551	1.0482	-0.5497	-2.5866	-6.1586	-1.3958	3.8498	1.0516	-0.5605	-2.5701	-6.1527	-1.455	3.8854	0.0034	-0.0108	0.0165	0.0059	-0.0592	0.0356	0	0	0	0	0	0	0	0	0	0	0	0	36.7111	37.8548	5362.7781	0.0916	0	-1.6409	-1.5063	-228.1315	-0.0014	-0.1681	1.4551
-1.1876	-2.8807	-226.0478	-0.0397	-0.1708	1.4609	1.0587	-0.5638	-2.5765	-6.1592	-1.4022	3.8865	1.0559	-0.561	-2.5685	-6.1515	-1.4513	3.9206	-0.0027	0.0028	0.008	0.0077	-0.0492	0.0341	0	0	0	0	0	0	0	0	0	0	0	0	36.7108	37.8548	5362.6992	0.0923	0	-1.1876	-2.8807	-226.0478	-0.0397	-0.1708	1.4609
-1.4799	-2.6975	-226.1735	-0.0521	-0.1552	1.4749	1.0579	-0.5641	-2.5774	-6.1755	-1.3953	3.9305	1.0603	-0.5615	-2.5668	-6.1503	-1.4477	3.9554	0.0024	0.0027	0.0106	0.0252	-0.0523	0.0249	0	0	0	0	0	0	0	0	0	0	0	0	36.7081	37.8543	5362.6422	0.0929	0	-1.4799	-2.6975	-226.1735	-0.0521	-0.1552	1.4749
-1.4431	-1.7411	-229.7353	-0.0052	-0.1318	1.483	1.0615	-0.556	-2.5781	-6.1761	-1.3968	3.9707	1.0646	-0.5619	-2.5651	-6.149	-1.4439	3.99	0.0031	-0.006	0.013	0.0271	-0.0471	0.0193	0	0	0	0	0	0	0	0	0	0	0	0	36.7084	37.855	5362.6112	0.0936	0	-1.4431	-1.7411	-229.7353	-0.0052	-0.1318	1.483
-0.997	-1.867	-229.5416	0.0501	-0.1123	1.4874	1.0704	-0.5521	-2.5763	-6.1626	-1.3947	3.9979	1.069	-0.5624	-2.5634	-6.1477	-1.4401	4.0244	-0.0014	-0.0103	0.0129	0.0149	-0.0454	0.0265	0	0	0	0	0	0	0	0	0	0	0	0	36.7081	37.854	5362.594	0.0943	0	-0.997	-1.867	-229.5416	0.0501	-0.1123	1.4874
-0.9648	-2.5366	-227.7356	-0.0112	-0.1241	1.4938	1.0764	-0.5621	-2.5746	-6.1688	-1.3961	4.0278	1.0734	-0.5629	-2.5617	-6.1464	-1.4363	4.0586	-0.003	-0.0008	0.013	0.0224	-0.0401	0.0308	0	0	0	0	0	0	0	0	0	0	0	0	36.7086	37.8543	5362.5023	0.0949	0	-0.9648	-2.5366	-227.7356	-0.0112	-0.1241	1.4938
-1.3123	-2.4186	-227.6955	0.0147	-0.1447	1.5204	1.0753	-0.5725	-2.5678	-6.1698	-1.3958	4.0574	1.0779	-0.5633	-2.5599	-6.1451	-1.4323	4.0925	0.0026	0.0092	0.0079	0.0247	-0.0365	0.0351	0	0	0	0	0	0	0	0	0	0	0	0	36.7093	37.854	5362.5187	0.0956	0	-1.3123	-2.4186	-227.6955	0.0147	-0.1447	1.5204
-1.4644	-1.1674	-230.0731	0.052	-0.1488	1.5567	1.0761	-0.5655	-2.5723	-6.1708	-1.392	4.0957	1.0823	-0.5638	-2.5582	-6.1437	-1.4284	4.1263	0.0062	0.0017	0.0141	0.0271	-0.0363	0.0306	0	0	0	0	0	0	0	0	0	0	0	0	36.7096	37.8546	5362.5032	0.0962	0	-1.4644	-1.1674	-230.0731	0.052	-0.1488	1.5567
-1.2821	-0.8188	-230.6723	0.0595	-0.1819	1.5738	1.0851	-0.5582	-2.5687	-6.1592	-1.3913	4.1353	1.0868	-0.5642	-2.5564	-6.1423	-1.4244	4.1598	0.0017	-0.0061	0.0123	0.0169	-0.033	0.0244	0	0	0	0	0	0	0	0	0	0	0	0	36.7095	37.8554	5362.4411	0.0969	0	-1.2821	-0.8188	-230.6723	0.0595	-0.1819	1.5738
-0.8853	-0.9438	-230.4131	0.0546	-0.1212	1.5657	1.0936	-0.5613	-2.5662	-6.1542	-1.3969	4.1753	1.0913	-0.5647	-2.5547	-6.1409	-1.4203	4.193	-0.0023	-0.0034	0.0116	0.0133	-0.0234	0.0177	0	0	0	0	0	0	0	0	0	0	0	0	36.7099	37.8555	5362.3475	0.0976	0	-0.8853	-0.9438	-230.4131	0.0546	-0.1212	1.5657
-1.494	-1.5887	-229.3612	0.0535	-0.1436	1.5909	1.0871	-0.5646	-2.5636	-6.1473	-1.3906	4.2016	1.0958	-0.5651	-2.5529	-6.1395	-1.4161	4.2261	0.0087	-0.0005	0.0108	0.0078	-0.0256	0.0245	0	0	0	0	0	0	0	0	0	0	0	0	36.7102	37.8544	5362.3537	0.0982	0	-1.494	-1.5887	-229.3612	0.0535	-0.1436	1.5909
-1.2046	-1.563	-229.8575	0.0466	-0.1303	1.5974	1.0946	-0.569	-2.5647	-6.1467	-1.3895	4.2386	1.1004	-0.5655	-2.5511	-6.138	-1.412	4.259	0.0057	0.0035	0.0136	0.0087	-0.0225	0.0203	0	0	0	0	0	0	0	0	0	0	0	0	36.7101	37.855	5362.3713	0.0989	0	-1.2046	-1.563	-229.8575	0.0466	-0.1303	1.5974
-0.9665	-1.2769	-230.2514	0.0217	-0.1733	1.6195	1.1085	-0.5637	-2.5621	-6.136	-1.3912	4.2649	1.1049	-0.5659	-2.5493	-6.1365	-1.4077	4.2915	-0.0035	-0.0022	0.0128	-0.0005	-0.0164	0.0266	0	0	0	0	0	0	0	0	0	0	0	0	36.7106	37.8555	5362.5277	0.0995	0	-0.9665	-1.2769	-230.2514	0.0217	-0.1733	1.6195
-0.8722	-1.1281	-230.5339	0.0384	-0.1595	1.6348	1.1076	-0.5603	-2.5586	-6.1361	-1.393	4.3117	1.1095	-0.5663	-2.5475	-6.1351	-1.4034	4.3239	0.0019	-0.006	0.0111	0.0011	-0.0104	0.0122	0	0	0	0	0	0	0	0	0	0	0	0	36.7106	37.8549	5362.4876	0.1002	0	-0.8722	-1.1281	-230.5339	0.0384	-0.1595	1.6348
-1.1007	-1.6105	-230.8346	0.0535	-0.1224	1.6317	1.1039	-0.564	-2.558	-6.1375	-1.3936	4.3479	1.1141	-0.5667	-2.5457	-6.1335	-1.3991	4.3561	0.0102	-0.0027	0.0123	0.004	-0.0055	0.0082	0	0	0	0	0	0	0	0	0	0	0	0	36.7108	37.8553	5362.5425	0.1009	0	-1.1007	-1.6105	-230.8346	0.0535	-0.1224	1.6317
-0.9664	-1.4874	-230.6283	0.0331	-0.1625	1.6651	1.1067	-0.5665	-2.5567	-6.1538	-1.3894	4.3625	1.1188	-0.5671	-2.5439	-6.132	-1.3947	4.388	0.0121	-0.0006	0.0128	0.0218	-0.0053	0.0255	0	0	0	0	0	0	0	0	0	0	0	0	36.7117	37.856	5362.6234	0.1015	0	-0.9664	-1.4874	-230.6283	0.0331	-0.1625	1.6651
-0.5537	-1.5534	-230.8339	0.0548	-0.1875	1.6813	1.118	-0.565	-2.554	-6.1486	-1.3905	4.3912	1.1234	-0.5674	-2.5421	-6.1304	-1.3902	4.4198	0.0054	-0.0024	0.0119	0.0182	0.0003	0.0286	0	0	0	0	0	0	0	0	0	0	0	0	36.712	37.8559	5362.5857	0.1022	0	-0.5537	-1.5534	-230.8339	0.0548	-0.1875	1.6813
-0.728	-1.0081	-231.024	0.0506	-0.2118	1.6947	1.1234	-0.5694	-2.5517	-6.1443	-1.3907	4.4489	1.1281	-0.5678	-2.5402	-6.1289	-1.3857	4.4514	0.0047	0.0016	0.0115	0.0154	0.005	0.0024	0	0	0	0	0	0	0	0	0	0	0	0	36.7121	37.8547	5362.5525	0.1028	0	-0.728	-1.0081	-231.024	0.0506	-0.2118	1.6947
-0.9483	-0.0665	-231.3774	0.0588	-0.2436	1.704	1.1262	-0.5614	-2.548	-6.15	-1.3934	4.4798	1.1328	-0.5682	-2.5384	-6.1273	-1.3811	4.4826	0.0066	-0.0068	0.0096	0.0228	0.0123	0.0028	0	0	0	0	0	0	0	0	0	0	0	0	36.7124	37.8556	5362.5369	0.1035	0	-0.9483	-0.0665	-231.3774	0.0588	-0.2436	1.704
-0.4771	-0.7558	-232.2782	0.0874	-0.1776	1.7127	1.1283	-0.5683	-2.5479	-6.147	-1.3904	4.4867	1.1375	-0.5685	-2.5365	-6.1257	-1.3765	4.5137	0.0092	-0.0002	0.0114	0.0213	0.0139	0.027	0	0	0	0	0	0	0	0	0	0	0	0	36.7121	37.856	5362.5232	0.1042	0	-0.4771	-0.7558	-232.2782	0.0874	-0.1776	1.7127
-0.3726	-0.4877	-232.408	0.0724	-0.2508	1.7501	1.1417	-0.5729	-2.5483	-6.1442	-1.3968	4.5274	1.1423	-0.5689	-2.5346	-6.124	-1.3719	4.5446	0.0006	0.0041	0.0137	0.0202	0.0249	0.0172	0	0	0	0	0	0	0	0	0	0	0	0	36.7117	37.8561	5362.5823	0.1048	0	-0.3726	-0.4877	-232.408	0.0724	-0.2508	1.7501
-0.8507	0.1911	-233.4524	0.1177	-0.2301	1.7616	1.1428	-0.5646	-2.5438	-6.1105	-1.3956	4.5784	1.147	-0.5692	-2.5328	-6.1224	-1.3672	4.5752	0.0043	-0.0046	0.011	-0.0119	0.0284	-0.0032	0	0	0	0	0	0	0	0	0	0	0	0	36.7105	37.8556	5362.576	0.1055	0	-0.8507	0.1911	-233.4524	0.1177	-0.2301	1.7616
-0.5668	-0.3015	-232.3784	0.0935	-0.204	1.7684	1.1457	-0.5585	-2.5409	-6.1148	-1.3911	4.5949	1.1518	-0.5695	-2.5309	-6.1207	-1.3625	4.6057	0.0061	-0.0111	0.01	-0.0059	0.0287	0.0108	0	0	0	0	0	0	0	0	0	0	0	0	36.7104	37.8558	5362.4991	0.1061	0	-0.5668	-0.3015	-232.3784	0.0935	-0.204	1.7684
-0.4536	-1.2103	-230.5829	0.0342	-0.2164	1.7766	1.1459	-0.5723	-2.5372	-6.1266	-1.3919	4.617	1.1566	-0.5698	-2.529	-6.119	-1.3577	4.636	0.0107	0.0024	0.0082	0.0076	0.0343	0.019	0	0	0	0	0	0	0	0	0	0	0	0	36.7089	37.8551	5362.5923	0.1068	0	-0.4536	-1.2103	-230.5829	0.0342	-0.2164	1.7766
-0.4713	-1.1569	-231.8206	0.0438	-0.2563	1.8027	1.157	-0.5752	-2.536	-6.1195	-1.3921	4.656	1.1615	-0.5702	-2.5271	-6.1173	-1.3528	4.666	0.0045	0.0051	0.0089	0.0022	0.0392	0.0099	0	0	0	0	0	0	0	0	0	0	0	0	36.7086	37.8552	5362.6265	0.1075	0	-0.4713	-1.1569	-231.8206	0.0438	-0.2563	1.8027
-0.4598	-0.2169	-233.3565	0.0714	-0.2446	1.8225	1.1589	-0.5659	-2.5364	-6.1202	-1.3914	4.6935	1.1663	-0.5705	-2.5252	-6.1156	-1.348	4.6958	0.0074	-0.0045	0.0111	0.0046	0.0435	0.0024	0	0	0	0	0	0	0	0	0	0	0	0	36.7094	37.8546	5362.7194	0.1081	0	-0.4598	-0.2169	-233.3565	0.0714	-0.2446	1.8225
-0.2183	-0.3279	-233.3409	0.0949	-0.228	1.8245	1.1664	-0.5607	-2.5342	-6.1171	-1.3909	4.7178	1.1712	-0.5708	-2.5233	-6.1138	-1.3431	4.7255	0.0047	-0.0101	0.0109	0.0033	0.0478	0.0077	0	0	0	0	0	0	0	0	0	0	0	0	36.7094	37.8553	5362.8301	0.1088	0	-0.2183	-0.3279	-233.3409	0.0949	-0.228	1.8245
-0.3353	-1.1148	-231.4679	0.0337	-0.2879	1.863	1.1734	-0.5701	-2.5313	-6.1268	-1.3924	4.7449	1.176	-0.571	-2.5214	-6.1121	-1.3381	4.7549	0.0027	-0.001	0.0099	0.0147	0.0543	0.01	0	0	0	0	0	0	0	0	0	0	0	0	36.7101	37.8555	5362.9906	0.1094	0	-0.3353	-1.1148	-231.4679	0.0337	-0.2879	1.863
-0.4123	-1.1026	-232.9047	0.0727	-0.2365	1.8567	1.1737	-0.576	-2.5304	-6.1228	-1.3915	4.7884	1.1809	-0.5713	-2.5195	-6.1103	-1.3331	4.7841	0.0073	0.0046	0.011	0.0126	0.0584	-0.0043	0	0	0	0	0	0	0	0	0	0	0	0	36.711	37.8561	5363.155	0.1101	0	-0.4123	-1.1026	-232.9047	0.0727	-0.2365	1.8567
-0.576	0.0974	-234.7788	0.1086	-0.2467	1.8794	1.1691	-0.5617	-2.529	-6.1258	-1.391	4.8089	1.1859	-0.5716	-2.5175	-6.1085	-1.3281	4.8132	0.0167	-0.0099	0.0114	0.0173	0.0629	0.0043	0	0	0	0	0	0	0	0	0	0	0	0	36.7112	37.8573	5363.1077	0.1108	0	-0.576	0.0974	-234.7788	0.1086	-0.2467	1.8794
0.2212	-0.1346	-234.0553	0.0753	-0.2683	1.9014	1.1896	-0.5644	-2.53	-6.1292	-1.3907	4.8388	1.1908	-0.5718	-2.5156	-6.1067	-1.323	4.842	0.0012	-0.0075	0.0144	0.0225	0.0677	0.0032	0	0	0	0	0	0	0	0	0	0	0	0	36.7112	37.8577	5362.9799	0.1114	0	0.2212	-0.1346	-234.0553	0.0753	-0.2683	1.9014
-0.0809	-0.4544	-233.9458	0.0759	-0.265	1.9019	1.1852	-0.575	-2.5259	-6.1146	-1.3882	4.875	1.1958	-0.5721	-2.5137	-6.1049	-1.3179	4.8707	0.0105	0.0029	0.0123	0.0097	0.0703	-0.0043	0	0	0	0	0	0	0	0	0	0	0	0	36.7102	37.8575	5362.9563	0.1121	0	-0.0809	-0.4544	-233.9458	0.0759	-0.265	1.9019
-0.3412	-0.4614	-233.376	0.0828	-0.2585	1.9014	1.1879	-0.5684	-2.5199	-6.1135	-1.3911	4.8969	1.2007	-0.5723	-2.5117	-6.103	-1.3128	4.8991	0.0129	-0.004	0.0081	0.0104	0.0783	0.0023	0	0	0	0	0	0	0	0	0	0	0	0	36.7106	37.8567	5362.9334	0.1127	0	-0.3412	-0.4614	-233.376	0.0828	-0.2585	1.9014
0.2271	-0.5767	-233.9548	0.0935	-0.2421	1.9141	1.1992	-0.5692	-2.5224	-6.1027	-1.3894	4.9242	1.2057	-0.5726	-2.5098	-6.1012	-1.3076	4.9274	0.0065	-0.0034	0.0126	0.0015	0.0818	0.0032	0	0	0	0	0	0	0	0	0	0	0	0	36.7106	37.8555	5362.8552	0.1134	0	0.2271	-0.5767	-233.9548	0.0935	-0.2421	1.9141
0.1932	-0.2432	-233.9019	0.0855	-0.2887	1.9494	1.209	-0.572	-2.5206	-6.1101	-1.3893	4.9571	1.2107	-0.5728	-2.5078	-6.0993	-1.3025	4.9554	0.0017	-0.0008	0.0128	0.0108	0.0868	-0.0016	0	0	0	0	0	0	0	0	0	0	0	0	36.7099	37.8561	5362.7298	0.1141	0	0.1932	-0.2432	-233.9019	0.0855	-0.2887	1.9494
-0.2986	-0.4261	-232.4649	0.0871	-0.3074	1.9571	1.209	-0.5685	-2.5159	-6.1172	-1.3869	4.9847	1.2157	-0.573	-2.5058	-6.0974	-1.2973	4.9833	0.0068	-0.0046	0.0101	0.0198	0.0896	-0.0013	0	0	0	0	0	0	0	0	0	0	0	0	36.7101	37.8564	5362.7204	0.1147	0	-0.2986	-0.4261	-232.4649	0.0871	-0.3074	1.9571
0.1298	-0.5219	-232.538	0.0926	-0.2417	1.9483	1.211	-0.5699	-2.5145	-6.0988	-1.3914	5.0137	1.2207	-0.5733	-2.5039	-6.0955	-1.292	5.011	0.0098	-0.0034	0.0107	0.0033	0.0993	-0.0027	0	0	0	0	0	0	0	0	0	0	0	0	36.7111	37.8554	5362.6971	0.1154	0	0.1298	-0.5219	-232.538	0.0926	-0.2417	1.9483
0.0222	-0.4111	-233.2691	0.0749	-0.2561	1.9721	1.2147	-0.5685	-2.5109	-6.0929	-1.3905	5.0382	1.2258	-0.5735	-2.5019	-6.0936	-1.2868	5.0385	0.0111	-0.005	0.009	-0.0007	0.1037	0.0004	0	0	0	0	0	0	0	0	0	0	0	0	36.7113	37.8563	5362.6398	0.116	0	0.0222	-0.4111	-233.2691	0.0749	-0.2561	1.9721
0.3216	-0.6191	-233.8162	0.0914	-0.2519	1.9954	1.219	-0.5764	-2.5136	-6.0816	-1.3911	5.0686	1.2308	-0.5737	-2.4999	-6.0917	-1.2815	5.0659	0.0119	0.0027	0.0137	-0.0101	0.1096	-0.0027	0	0	0	0	0	0	0	0	0	0	0	0	36.7113	37.8563	5362.7183	0.1167	0	0.3216	-0.6191	-233.8162	0.0914	-0.2519	1.9954
0.217	-0.4125	-232.8812	0.0538	-0.2933	2.0069	1.2301	-0.5716	-2.5141	-6.1024	-1.3952	5.1047	1.2359	-0.5739	-2.4979	-6.0898	-1.2762	5.093	0.0058	-0.0023	0.0162	0.0126	0.119	-0.0116	0	0	0	0	0	0	0	0	0	0	0	0	36.7109	37.8563	5362.72	0.1174	0	0.217	-0.4125	-232.8812	0.0538	-0.2933	2.0069
0.4645	-0.6016	-232.9541	0.0903	-0.2674	2.0092	1.2296	-0.5636	-2.5073	-6.1094	-1.3922	5.1271	1.241	-0.574	-2.4959	-6.0878	-1.2709	5.12	0.0114	-0.0104	0.0114	0.0216	0.1212	-0.0071	0	0	0	0	0	0	0	0	0	0	0	0	36.7112	37.8562	5362.7599	0.118	0	0.4645	-0.6016	-232.9541	0.0903	-0.2674	2.0092
0.6367	-0.6066	-232.6388	0.0537	-0.2698	2.0165	1.2454	-0.566	-2.5032	-6.1141	-1.3924	5.1569	1.2461	-0.5742	-2.4939	-6.0859	-1.2656	5.1468	0.0006	-0.0082	0.0093	0.0282	0.1268	-0.0101	0	0	0	0	0	0	0	0	0	0	0	0	36.7093	37.8567	5362.6373	0.1187	0	0.6367	-0.6066	-232.6388	0.0537	-0.2698	2.0165
0.3652	-0.7965	-233.4107	0.1019	-0.2175	2.0306	1.2399	-0.5722	-2.5049	-6.1102	-1.3922	5.1889	1.2511	-0.5744	-2.4919	-6.0839	-1.2603	5.1734	0.0112	-0.0022	0.013	0.0263	0.1319	-0.0155	0	0	0	0	0	0	0	0	0	0	0	0	36.7104	37.8568	5362.6183	0.1193	0	0.3652	-0.7965	-233.4107	0.1019	-0.2175	2.0306
0.0818	0.0501	-234.2453	0.0882	-0.2938	2.0606	1.2367	-0.5717	-2.5021	-6.0816	-1.3871	5.2003	1.2562	-0.5746	-2.4899	-6.0819	-1.255	5.1999	0.0195	-0.0028	0.0122	-0.0003	0.1322	-0.0005	0	0	0	0	0	0	0	0	0	0	0	0	36.7096	37.8574	5362.6511	0.12	0	0.0818	0.0501	-234.2453	0.0882	-0.2938	2.0606
0.6881	0.0595	-234.0705	0.1236	-0.3346	2.0776	1.25	-0.5738	-2.4972	-6.0809	-1.3933	5.2326	1.2614	-0.5747	-2.4879	-6.0799	-1.2496	5.2262	0.0114	-0.0009	0.0093	0.001	0.1437	-0.0064	0	0	0	0	0	0	0	0	0	0	0	0	36.7084	37.8571	5362.6305	0.1207	0	0.6881	0.0595	-234.0705	0.1236	-0.3346	2.0776
0.9713	0.2085	-234.6989	0.1195	-0.2846	2.0842	1.2617	-0.5675	-2.4952	-6.0835	-1.3848	5.2682	1.2665	-0.5749	-2.4859	-6.0779	-1.2443	5.2523	0.0048	-0.0074	0.0093	0.0056	0.1405	-0.0159	0	0	0	0	0	0	0	0	0	0	0	0	36.7088	37.8575	5362.6981	0.1213	0	0.9713	0.2085	-234.6989	0.1195	-0.2846	2.0842
0.6773	-0.036	-235.0152	0.1402	-0.2802	2.0762	1.262	-0.5604	-2.495	-6.09	-1.3887	5.2976	1.2716	-0.575	-2.4839	-6.0759	-1.2389	5.2782	0.0096	-0.0146	0.0111	0.0141	0.1498	-0.0194	0	0	0	0	0	0	0	0	0	0	0	0	36.7094	37.857	5362.6216	0.122	0	0.6773	-0.036	-235.0152	0.1402	-0.2802	2.0762
0.6494	-0.7352	-232.7584	0.0822	-0.3039	2.1054	1.2667	-0.5701	-2.4947	-6.0779	-1.3874	5.3062	1.2767	-0.5752	-2.4819	-6.0739	-1.2336	5.304	0.01	-0.005	0.0128	0.004	0.1539	-0.0022	0	0	0	0	0	0	0	0	0	0	0	0	36.7099	37.8571	5362.5809	0.1226	0	0.6494	-0.7352	-232.7584	0.0822	-0.3039	2.1054
1.0062	-0.6247	-234.2492	0.0771	-0.2856	2.1173	1.2721	-0.5731	-2.4947	-6.0736	-1.3819	5.3405	1.2818	-0.5753	-2.4799	-6.0718	-1.2282	5.3296	0.0097	-0.0022	0.0148	0.0018	0.1537	-0.0108	0	0	0	0	0	0	0	0	0	0	0	0	36.7104	37.8572	5362.6984	0.1233	0	1.0062	-0.6247	-234.2492	0.0771	-0.2856	2.1173
0.9138	-0.098	-235.7144	0.0918	-0.2829	2.1232	1.277	-0.5725	-2.492	-6.0675	-1.386	5.3811	1.287	-0.5754	-2.4778	-6.0698	-1.2229	5.3551	0.01	-0.0029	0.0141	-0.0023	0.1631	-0.0261	0	0	0	0	0	0	0	0	0	0	0	0	36.7108	37.8582	5362.8201	0.124	0	0.9138	-0.098	-235.7144	0.0918	-0.2829	2.1232
0.9261	0.2532	-234.411	0.094	-0.3163	2.1395	1.281	-0.5621	-2.4864	-6.068	-1.3849	5.3973	1.2921	-0.5756	-2.4758	-6.0677	-1.2176	5.3804	0.0111	-0.0135	0.0106	0.0003	0.1674	-0.0169	0	0	0	0	0	0	0	0	0	0	0	0	36.7119	37.8584	5362.6756	0.1246	0	0.9261	0.2532	-234.411	0.094	-0.3163	2.1395
1.2633	-1.1295	-233.1735	0.0659	-0.2532	2.1256	1.2807	-0.5688	-2.4821	-6.0762	-1.3815	5.4127	1.2972	-0.5757	-2.4738	-6.0657	-1.2122	5.4055	0.0166	-0.0068	0.0083	0.0105	0.1693	-0.0071	0	0	0	0	0	0	0	0	0	0	0	0	36.7108	37.8584	5362.534	0.1253	0	1.2633	-1.1295	-233.1735	0.0659	-0.2532	2.1256
1.3401	-1.3155	-233.4158	0.0474	-0.3078	2.1585	1.2958	-0.5768	-2.4831	-6.0905	-1.3825	5.4434	1.3024	-0.5758	-2.4717	-6.0636	-1.2069	5.4305	0.0065	0.001	0.0113	0.027	0.1756	-0.0129	0	0	0	0	0	0	0	0	0	0	0	0	36.7111	37.8587	5362.5429	0.1259	0	1.3401	-1.3155	-233.4158	0.0474	-0.3078	2.1585
1.167	-0.2509	-235.3532	0.0885	-0.2864	2.1666	1.2965	-0.5674	-2.4838	-6.081	-1.3791	5.4791	1.3075	-0.5759	-2.4697	-6.0615	-1.2016	5.4554	0.011	-0.0086	0.0141	0.0195	0.1775	-0.0238	0	0	0	0	0	0	0	0	0	0	0	0	36.7109	37.8582	5362.5819	0.1266	0	1.167	-0.2509	-235.3532	0.0885	-0.2864	2.1666
1.2361	0.1721	-235.4995	0.1127	-0.2842	2.1805	1.2967	-0.5657	-2.4809	-6.0705	-1.3769	5.4983	1.3126	-0.576	-2.4676	-6.0594	-1.1963	5.4801	0.0159	-0.0104	0.0132	0.0111	0.1807	-0.0182	0	0	0	0	0	0	0	0	0	0	0	0	36.7102	37.8574	5362.6629	0.1273	0	1.2361	0.1721	-235.4995	0.1127	-0.2842	2.1805
1.6554	-0.5145	-235.0752	0.1045	-0.2743	2.1808	1.3089	-0.5717	-2.4778	-6.0741	-1.3802	5.5287	1.3178	-0.5761	-2.4656	-6.0573	-1.191	5.5046	0.0089	-0.0044	0.0122	0.0168	0.1892	-0.0241	0	0	0	0	0	0	0	0	0	0	0	0	36.7099	37.8574	5362.6056	0.1279	0	1.6554	-0.5145	-235.0752	0.1045	-0.2743	2.1808
1.1927	-0.398	-233.3888	0.0819	-0.343	2.2159	1.3106	-0.5746	-2.4742	-6.0637	-1.3761	5.5509	1.3229	-0.5762	-2.4635	-6.0552	-1.1857	5.529	0.0123	-0.0016	0.0107	0.0086	0.1904	-0.022	0	0	0	0	0	0	0	0	0	0	0	0	36.7104	37.8583	5362.5681	0.1286	0	1.1927	-0.398	-233.3888	0.0819	-0.343	2.2159
1.3999	-0.0774	-234.6506	0.097	-0.2953	2.2142	1.3145	-0.5698	-2.4703	-6.0714	-1.375	5.5709	1.3281	-0.5763	-2.4615	-6.0531	-1.1804	5.5532	0.0135	-0.0066	0.0088	0.0183	0.1946	-0.0177	0	0	0	0	0	0	0	0	0	0	0	0	36.7099	37.859	5362.6277	0.1292	0	1.3999	-0.0774	-234.6506	0.097	-0.2953	2.2142
1.4318	0.0983	-235.3649	0.1262	-0.3277	2.2344	1.3173	-0.568	-2.468	-6.0545	-1.3676	5.5864	1.3332	-0.5764	-2.4594	-6.0509	-1.1752	5.5773	0.0159	-0.0084	0.0086	0.0036	0.1924	-0.0091	0	0	0	0	0	0	0	0	0	0	0	0	36.7094	37.8588	5362.6357	0.1299	0	1.4318	0.0983	-235.3649	0.1262	-0.3277	2.2344
1.7562	0.5499	-235.6015	0.0951	-0.3598	2.2649	1.3315	-0.5687	-2.4667	-6.0525	-1.3786	5.6218	1.3383	-0.5765	-2.4574	-6.0488	-1.17	5.6012	0.0068	-0.0079	0.0093	0.0037	0.2087	-0.0206	0	0	0	0	0	0	0	0	0	0	0	0	36.7089	37.8591	5362.5894	0.1306	0	1.7562	0.5499	-235.6015	0.0951	-0.3598	2.2649
1.5404	0.6541	-236.8842	0.1239	-0.3745	2.2806	1.3319	-0.5669	-2.465	-6.0525	-1.3676	5.6492	1.3434	-0.5766	-2.4553	-6.0466	-1.1647	5.6251	0.0116	-0.0097	0.0096	0.0058	0.2029	-0.0241	0	0	0	0	0	0	0	0	0	0	0	0	36.7086	37.8591	5362.6192	0.1312	0	1.5404	0.6541	-236.8842	0.1239	-0.3745	2.2806
1.3524	0.1569	-235.1613	0.1111	-0.3658	2.2771	1.3317	-0.5671	-2.4627	-6.0556	-1.3695	5.6671	1.3485	-0.5767	-2.4533	-6.0445	-1.1596	5.6487	0.0169	-0.0096	0.0094	0.0111	0.21	-0.0184	0	0	0	0	0	0	0	0	0	0	0	0	36.7087	37.8588	5362.6463	0.1319	0	1.3524	0.1569	-235.1613	0.1111	-0.3658	2.2771
1.7896	-0.3983	-235.6341	0.096	-0.3235	2.2847	1.3407	-0.5699	-2.4557	-6.0386	-1.3721	5.6952	1.3537	-0.5768	-2.4512	-6.0423	-1.1544	5.6722	0.0129	-0.0069	0.0045	-0.0037	0.2177	-0.023	0	0	0	0	0	0	0	0	0	0	0	0	36.7089	37.8579	5362.5806	0.1325	0	1.7896	-0.3983	-235.6341	0.096	-0.3235	2.2847
1.9183	-0.2547	-236.3156	0.1215	-0.3313	2.2953	1.3495	-0.5754	-2.4587	-6.0348	-1.3697	5.721	1.3588	-0.5769	-2.4492	-6.0402	-1.1492	5.6957	0.0093	-0.0015	0.0095	-0.0054	0.2205	-0.0254	0	0	0	0	0	0	0	0	0	0	0	0	36.7084	37.8575	5362.6263	0.1332	0	1.9183	-0.2547	-236.3156	0.1215	-0.3313	2.2953
1.5519	0.3004	-236.539	0.1098	-0.3586	2.326	1.3511	-0.5703	-2.4592	-6.0483	-1.3697	5.7501	1.3639	-0.577	-2.4471	-6.038	-1.1441	5.7189	0.0127	-0.0067	0.0121	0.0104	0.2256	-0.0312	0	0	0	0	0	0	0	0	0	0	0	0	36.7089	37.8565	5362.6139	0.1339	0	1.5519	0.3004	-236.539	0.1098	-0.3586	2.326
1.7525	0.1903	-236.2974	0.1092	-0.3459	2.3103	1.3526	-0.5645	-2.4582	-6.0495	-1.3679	5.7691	1.3689	-0.577	-2.445	-6.0358	-1.139	5.742	0.0163	-0.0125	0.0131	0.0137	0.2289	-0.0271	0	0	0	0	0	0	0	0	0	0	0	0	36.7086	37.8566	5362.6073	0.1345	0	1.7525	0.1903	-236.2974	0.1092	-0.3459	2.3103
1.7821	0.0771	-234.8716	0.0843	-0.4041	2.335	1.3643	-0.5681	-2.4515	-6.0458	-1.3669	5.7871	1.374	-0.5771	-2.443	-6.0336	-1.1339	5.765	0.0097	-0.009	0.0085	0.0121	0.233	-0.0221	0	0	0	0	0	0	0	0	0	0	0	0	36.7091	37.8571	5362.5603	0.1352	0	1.7821	0.0771	-234.8716	0.0843	-0.4041	2.335
2.2672	-0.1627	-236.4116	0.1055	-0.2718	2.3288	1.3678	-0.5662	-2.4522	-6.034	-1.3641	5.8156	1.3791	-0.5772	-2.4409	-6.0314	-1.1289	5.7879	0.0113	-0.0109	0.0113	0.0025	0.2352	-0.0277	0	0	0	0	0	0	0	0	0	0	0	0	36.7087	37.8573	5362.5789	0.1358	0	2.2672	-0.1627	-236.4116	0.1055	-0.2718	2.3288
1.9431	0.3031	-236.588	0.0957	-0.327	2.3501	1.3673	-0.5716	-2.449	-6.0271	-1.365	5.8367	1.3842	-0.5773	-2.4388	-6.0292	-1.1238	5.8106	0.0168	-0.0057	0.0102	-0.0021	0.2412	-0.0261	0	0	0	0	0	0	0	0	0	0	0	0	36.7105	37.8574	5362.626	0.1365	0	1.9431	0.3031	-236.588	0.0957	-0.327	2.3501
2.0055	0.1765	-237.4124	0.106	-0.3135	2.3696	1.3712	-0.5681	-2.4542	-6.0347	-1.3608	5.8538	1.3892	-0.5773	-2.4368	-6.027	-1.1188	5.8332	0.0181	-0.0092	0.0174	0.0077	0.242	-0.0206	0	0	0	0	0	0	0	0	0	0	0	0	36.7107	37.8572	5362.7083	0.1372	0	2.0055	0.1765	-237.4124	0.106	-0.3135	2.3696
2.2847	-0.3465	-234.5078	0.0752	-0.3288	2.3672	1.3832	-0.5719	-2.4382	-6.0372	-1.3642	5.8896	1.3943	-0.5774	-2.4347	-6.0248	-1.1139	5.8557	0.011	-0.0055	0.0035	0.0124	0.2503	-0.0339	0	0	0	0	0	0	0	0	0	0	0	0	36.7107	37.8579	5362.6904	0.1378	0	2.2847	-0.3465	-234.5078	0.0752	-0.3288	2.3672
2.0117	0.5407	-234.6724	0.0786	-0.3987	2.4046	1.3878	-0.5663	-2.4429	-6.0272	-1.3624	5.9089	1.3993	-0.5775	-2.4327	-6.0226	-1.1089	5.878	0.0115	-0.0112	0.0102	0.0046	0.2535	-0.0309	0	0	0	0	0	0	0	0	0	0	0	0	36.71	37.8569	5362.6784	0.1385	0	2.0117	0.5407	-234.6724	0.0786	-0.3987	2.4046
2.1485	0.4822	-235.8563	0.1045	-0.3941	2.4113	1.3939	-0.5659	-2.4381	-6.024	-1.3607	5.9328	1.4043	-0.5776	-2.4306	-6.0203	-1.104	5.9003	0.0104	-0.0117	0.0076	0.0037	0.2567	-0.0326	0	0	0	0	0	0	0	0	0	0	0	0	36.711	37.8572	5362.8074	0.1391	0	2.1485	0.4822	-235.8563	0.1045	-0.3941	2.4113
1.9964	-0.0873	-235.9364	0.0956	-0.3422	2.4056	1.3916	-0.5633	-2.4382	-6.0268	-1.357	5.9483	1.4094	-0.5777	-2.4285	-6.0181	-1.0991	5.9223	0.0177	-0.0144	0.0097	0.0087	0.2579	-0.026	0	0	0	0	0	0	0	0	0	0	0	0	36.7107	37.8558	5362.7518	0.1398	0	1.9964	-0.0873	-235.9364	0.0956	-0.3422	2.4056
2.012	-0.3802	-235.1588	0.0884	-0.3806	2.4289	1.3915	-0.5731	-2.436	-6.0238	-1.3585	5.97	1.4144	-0.5777	-2.4265	-6.0158	-1.0943	5.9443	0.0229	-0.0047	0.0095	0.0079	0.2642	-0.0256	0	0	0	0	0	0	0	0	0	0	0	0	36.7087	37.8575	5362.6526	0.1405	0	2.012	-0.3802	-235.1588	0.0884	-0.3806	2.4289
2.3052	-0.0749	-236.6369	0.0962	-0.4074	2.439	1.4008	-0.5747	-2.4336	-6.024	-1.361	6.0045	1.4194	-0.5778	-2.4244	-6.0136	-1.0894	5.9662	0.0186	-0.0031	0.0092	0.0104	0.2715	-0.0383	0	0	0	0	0	0	0	0	0	0	0	0	36.7082	37.8573	5362.5422	0.1411	0	2.3052	-0.0749	-236.6369	0.0962	-0.4074	2.439
2.4071	0.5897	-237.8766	0.1168	-0.3942	2.4507	1.4087	-0.5637	-2.4352	-6.035	-1.3537	6.0282	1.4243	-0.5779	-2.4223	-6.0113	-1.0846	5.9879	0.0156	-0.0141	0.0129	0.0237	0.269	-0.0403	0	0	0	0	0	0	0	0	0	0	0	0	36.7094	37.8577	5362.4954	0.1418	0	2.4071	0.5897	-237.8766	0.1168	-0.3942	2.4507
2.5462	0.4915	-237.3554	0.1379	-0.4054	2.4623	1.4201	-0.5631	-2.4297	-6.0145	-1.3602	6.0467	1.4293	-0.578	-2.4203	-6.0091	-1.0799	6.0095	0.0092	-0.0149	0.0094	0.0055	0.2804	-0.0372	0	0	0	0	0	0	0	0	0	0	0	0	36.7091	37.8568	5362.5929	0.1424	0	2.5462	0.4915	-237.3554	0.1379	-0.4054	2.4623
2.3389	0.1189	-235.2366	0.114	-0.4133	2.4749	1.4167	-0.5695	-2.4279	-6.0207	-1.354	6.0627	1.4343	-0.5781	-2.4182	-6.0068	-1.0751	6.031	0.0176	-0.0085	0.0098	0.0139	0.2788	-0.0316	0	0	0	0	0	0	0	0	0	0	0	0	36.7088	37.8565	5362.5	0.1431	0	2.3389	0.1189	-235.2366	0.114	-0.4133	2.4749
2.5836	0.1769	-237.2776	0.1131	-0.3598	2.4731	1.4203	-0.5719	-2.4246	-6.0179	-1.3523	6.0831	1.4392	-0.5781	-2.4161	-6.0045	-1.0704	6.0524	0.0189	-0.0062	0.0085	0.0134	0.2819	-0.0307	0	0	0	0	0	0	0	0	0	0	0	0	36.7093	37.8566	5362.5107	0.1438	0	2.5836	0.1769	-237.2776	0.1131	-0.3598	2.4731
2.6262	0.8869	-238.4047	0.1685	-0.4074	2.4953	1.427	-0.567	-2.4236	-6.0126	-1.3533	6.1158	1.4441	-0.5782	-2.4141	-6.0022	-1.0658	6.0737	0.0171	-0.0112	0.0095	0.0104	0.2875	-0.0421	0	0	0	0	0	0	0	0	0	0	0	0	36.7095	37.8555	5362.5505	0.1444	0	2.6262	0.8869	-238.4047	0.1685	-0.4074	2.4953
3.0426	1.2028	-239.2448	0.1712	-0.3918	2.4999	1.4299	-0.5669	-2.422	-6.005	-1.3544	6.1311	1.4491	-0.5783	-2.412	-5.9999	-1.0611	6.0948	0.0191	-0.0114	0.01	0.0051	0.2932	-0.0363	0	0	0	0	0	0	0	0	0	0	0	0	36.7093	37.8547	5362.6616	0.1451	0	3.0426	1.2028	-239.2448	0.1712	-0.3918	2.4999
3.1257	1.1724	-238.424	0.1425	-0.4246	2.5141	1.4396	-0.5638	-2.4184	-6.004	-1.3553	6.1505	1.454	-0.5784	-2.4099	-5.9976	-1.0565	6.1159	0.0143	-0.0146	0.0085	0.0063	0.2988	-0.0347	0	0	0	0	0	0	0	0	0	0	0	0	36.7097	37.8545	5362.7526	0.1457	0	3.1257	1.1724	-238.424	0.1425	-0.4246	2.5141
2.5862	0.6896	-236.9082	0.119	-0.4524	2.5335	1.4369	-0.5694	-2.4138	-6.011	-1.3533	6.1733	1.4588	-0.5785	-2.4079	-5.9953	-1.052	6.1368	0.0219	-0.009	0.0059	0.0156	0.3013	-0.0365	0	0	0	0	0	0	0	0	0	0	0	0	36.7091	37.8553	5362.6441	0.1464	0	2.5862	0.6896	-236.9082	0.119	-0.4524	2.5335
3.1647	0.6905	-239.7634	0.174	-0.3773	2.5203	1.4447	-0.5733	-2.414	-6.002	-1.3503	6.1934	1.4637	-0.5786	-2.4058	-5.993	-1.0474	6.1576	0.019	-0.0053	0.0081	0.009	0.3029	-0.0358	0	0	0	0	0	0	0	0	0	0	0	0	36.7096	37.856	5362.6954	0.1471	0	3.1647	0.6905	-239.7634	0.174	-0.3773	2.5203
3.3747	1.0258	-240.4885	0.2011	-0.3808	2.5407	1.4555	-0.571	-2.4158	-5.9894	-1.3461	6.2137	1.4686	-0.5787	-2.4038	-5.9907	-1.0429	6.1783	0.013	-0.0077	0.012	-0.0014	0.3031	-0.0354	0	0	0	0	0	0	0	0	0	0	0	0	36.7111	37.8556	5362.7947	0.1477	0	3.3747	1.0258	-240.4885	0.2011	-0.3808	2.5407
3.2377	1.093	-238.126	0.1679	-0.4298	2.5691	1.4605	-0.5643	-2.4126	-5.9827	-1.3514	6.235	1.4734	-0.5788	-2.4017	-5.9884	-1.0385	6.1989	0.0129	-0.0144	0.0109	-0.0057	0.3129	-0.0361	0	0	0	0	0	0	0	0	0	0	0	0	36.7109	37.8565	5362.7149	0.1484	0	3.2377	1.093	-238.126	0.1679	-0.4298	2.5691
3.129	0.8821	-238.458	0.139	-0.4271	2.5648	1.4646	-0.5667	-2.41	-5.9801	-1.3484	6.2598	1.4782	-0.5789	-2.3997	-5.9861	-1.034	6.2194	0.0137	-0.0121	0.0103	-0.006	0.3143	-0.0404	0	0	0	0	0	0	0	0	0	0	0	0	36.7115	37.8572	5362.6907	0.149	0	3.129	0.8821	-238.458	0.139	-0.4271	2.5648
2.7735	0.7954	-238.5074	0.1444	-0.4305	2.5808	1.4606	-0.5732	-2.4099	-6.006	-1.3411	6.2792	1.483	-0.579	-2.3976	-5.9838	-1.0296	6.2398	0.0224	-0.0058	0.0123	0.0222	0.3114	-0.0394	0	0	0	0	0	0	0	0	0	0	0	0	36.7111	37.8567	5362.5361	0.1497	0	2.7735	0.7954	-238.5074	0.1444	-0.4305	2.5808
3.2135	0.644	-238.5987	0.1716	-0.3952	2.5909	1.4663	-0.5688	-2.4066	-6.0062	-1.3441	6.2976	1.4878	-0.5791	-2.3956	-5.9814	-1.0253	6.26	0.0216	-0.0103	0.011	0.0248	0.3188	-0.0376	0	0	0	0	0	0	0	0	0	0	0	0	36.7107	37.8568	5362.4909	0.1504	0	3.2135	0.644	-238.5987	0.1716	-0.3952	2.5909
3.5364	1.0906	-238.5248	0.1756	-0.4162	2.6018	1.475	-0.5674	-2.4029	-5.9817	-1.3417	6.3215	1.4926	-0.5792	-2.3935	-5.9791	-1.021	6.2802	0.0177	-0.0118	0.0093	0.0026	0.3208	-0.0413	0	0	0	0	0	0	0	0	0	0	0	0	36.7103	37.8569	5362.4675	0.151	0	3.5364	1.0906	-238.5248	0.1756	-0.4162	2.6018
3.798	1.4407	-239.8771	0.2115	-0.405	2.5963	1.4868	-0.5673	-2.4007	-5.9882	-1.3436	6.351	1.4974	-0.5793	-2.3915	-5.9767	-1.0167	6.3003	0.0106	-0.012	0.0092	0.0115	0.3269	-0.0508	0	0	0	0	0	0	0	0	0	0	0	0	36.7102	37.8565	5362.5484	0.1517	0	3.798	1.4407	-239.8771	0.2115	-0.405	2.5963
3.4404	1.7663	-240.0163	0.2216	-0.4125	2.6109	1.4799	-0.5674	-2.3991	-5.9927	-1.3419	6.3682	1.5021	-0.5794	-2.3894	-5.9744	-1.0124	6.3202	0.0222	-0.012	0.0097	0.0183	0.3295	-0.048	0	0	0	0	0	0	0	0	0	0	0	0	36.711	37.8578	5362.5562	0.1523	0	3.4404	1.7663	-240.0163	0.2216	-0.4125	2.6109
3.3252	1.7565	-239.6584	0.1968	-0.4295	2.6317	1.4837	-0.5738	-2.3961	-5.9881	-1.3411	6.3843	1.5069	-0.5795	-2.3874	-5.972	-1.0082	6.34	0.0231	-0.0057	0.0087	0.016	0.3329	-0.0442	0	0	0	0	0	0	0	0	0	0	0	0	36.711	37.8581	5362.5389	0.153	0	3.3252	1.7565	-239.6584	0.1968	-0.4295	2.6317
3.8623	1.6097	-240.2482	0.2346	-0.4039	2.6351	1.497	-0.5688	-2.397	-5.9619	-1.3381	6.3946	1.5116	-0.5796	-2.3853	-5.9697	-1.004	6.3598	0.0146	-0.0108	0.0116	-0.0078	0.3342	-0.0348	0	0	0	0	0	0	0	0	0	0	0	0	36.7118	37.8581	5362.5164	0.1537	0	3.8623	1.6097	-240.2482	0.2346	-0.4039	2.6351
3.4321	1.8752	-239.498	0.2087	-0.5095	2.6662	1.4981	-0.5664	-2.39	-5.9615	-1.3394	6.427	1.5163	-0.5798	-2.3833	-5.9673	-0.9998	6.3794	0.0182	-0.0133	0.0067	-0.0059	0.3396	-0.0476	0	0	0	0	0	0	0	0	0	0	0	0	36.7117	37.8588	5362.4654	0.1543	0	3.4321	1.8752	-239.498	0.2087	-0.5095	2.6662
3.5361	1.8877	-238.9038	0.1734	-0.5057	2.6775	1.5012	-0.5675	-2.3922	-5.9621	-1.3378	6.4506	1.5209	-0.5799	-2.3813	-5.965	-0.9957	6.399	0.0197	-0.0123	0.011	-0.0029	0.3421	-0.0517	0	0	0	0	0	0	0	0	0	0	0	0	36.7111	37.8594	5362.4057	0.155	0	3.5361	1.8877	-238.9038	0.1734	-0.5057	2.6775
3.8296	1.2726	-240.1258	0.2117	-0.3993	2.6608	1.505	-0.5682	-2.3897	-5.9616	-1.3381	6.4642	1.5256	-0.58	-2.3792	-5.9626	-0.9916	6.4184	0.0206	-0.0118	0.0105	-0.001	0.3465	-0.0458	0	0	0	0	0	0	0	0	0	0	0	0	36.711	37.8587	5362.4137	0.1556	0	3.8296	1.2726	-240.1258	0.2117	-0.3993	2.6608
3.8362	1.0476	-239.2252	0.1799	-0.401	2.6665	1.5078	-0.5686	-2.3874	-5.9536	-1.3373	6.4744	1.5302	-0.5801	-2.3772	-5.9602	-0.9876	6.4377	0.0225	-0.0115	0.0102	-0.0066	0.3497	-0.0367	0	0	0	0	0	0	0	0	0	0	0	0	36.7112	37.8589	5362.4507	0.1563	0	3.8362	1.0476	-239.2252	0.1799	-0.401	2.6665
3.8876	0.8283	-237.8288	0.1608	-0.4744	2.6942	1.5196	-0.567	-2.3828	-5.9657	-1.334	6.5014	1.5349	-0.5803	-2.3752	-5.9579	-0.9835	6.4569	0.0152	-0.0133	0.0076	0.0078	0.3505	-0.0445	0	0	0	0	0	0	0	0	0	0	0	0	36.7097	37.8596	5362.4391	0.157	0	3.8876	0.8283	-237.8288	0.1608	-0.4744	2.6942
3.7172	1.17	-237.6737	0.1373	-0.4713	2.7014	1.5261	-0.5669	-2.3829	-5.9657	-1.3345	6.5321	1.5395	-0.5804	-2.3731	-5.9555	-0.9795	6.4761	0.0134	-0.0135	0.0098	0.0102	0.3549	-0.056	0	0	0	0	0	0	0	0	0	0	0	0	36.7092	37.8578	5362.3743	0.1576	0	3.7172	1.17	-237.6737	0.1373	-0.4713	2.7014
3.5231	1.3305	-239.4558	0.1906	-0.4322	2.7019	1.5186	-0.5611	-2.3808	-5.9612	-1.3275	6.5425	1.5441	-0.5805	-2.3711	-5.9531	-0.9756	6.4951	0.0255	-0.0195	0.0097	0.0081	0.3519	-0.0474	0	0	0	0	0	0	0	0	0	0	0	0	36.7094	37.8581	5362.4885	0.1583	0	3.5231	1.3305	-239.4558	0.1906	-0.4322	2.7019
3.7057	0.908	-238.2344	0.16	-0.4648	2.715	1.5269	-0.567	-2.3773	-5.9649	-1.3297	6.5558	1.5486	-0.5807	-2.3691	-5.9507	-0.9717	6.514	0.0217	-0.0137	0.0082	0.0141	0.358	-0.0417	0	0	0	0	0	0	0	0	0	0	0	0	36.7087	37.8579	5362.537	0.1589	0	3.7057	0.908	-238.2344	0.16	-0.4648	2.715
3.9538	0.8356	-237.4191	0.1244	-0.4878	2.7358	1.5365	-0.5719	-2.3779	-5.9629	-1.3221	6.5751	1.5532	-0.5808	-2.3671	-5.9483	-0.9678	6.5329	0.0166	-0.0089	0.0108	0.0145	0.3543	-0.0422	0	0	0	0	0	0	0	0	0	0	0	0	36.7087	37.8573	5362.4353	0.1596	0	3.9538	0.8356	-237.4191	0.1244	-0.4878	2.7358
3.8653	1.4046	-238.0162	0.1591	-0.4678	2.7366	1.5401	-0.5653	-2.3736	-5.9494	-1.3244	6.5979	1.5577	-0.581	-2.3651	-5.946	-0.9639	6.5516	0.0176	-0.0157	0.0085	0.0035	0.3604	-0.0463	0	0	0	0	0	0	0	0	0	0	0	0	36.7091	37.8563	5362.4401	0.1603	0	3.8653	1.4046	-238.0162	0.1591	-0.4678	2.7366
3.9853	1.3203	-238.517	0.2006	-0.4287	2.732	1.543	-0.5625	-2.3712	-5.9414	-1.3233	6.6191	1.5622	-0.5811	-2.363	-5.9436	-0.9601	6.5702	0.0192	-0.0186	0.0081	-0.0022	0.3632	-0.0489	0	0	0	0	0	0	0	0	0	0	0	0	36.7096	37.8559	5362.2942	0.1609	0	3.9853	1.3203	-238.517	0.2006	-0.4287	2.732
3.7737	0.6836	-238.2224	0.1748	-0.4807	2.7577	1.5423	-0.5691	-2.3701	-5.9436	-1.3166	6.6345	1.5667	-0.5813	-2.361	-5.9412	-0.9563	6.5888	0.0245	-0.0122	0.0091	0.0024	0.3603	-0.0457	0	0	0	0	0	0	0	0	0	0	0	0	36.7102	37.8554	5362.269	0.1616	0	3.7737	0.6836	-238.2224	0.1748	-0.4807	2.7577
4.1051	0.8506	-239.2716	0.1613	-0.4578	2.7576	1.5498	-0.5745	-2.3713	-5.9416	-1.3246	6.6577	1.5712	-0.5814	-2.359	-5.9388	-0.9526	6.6072	0.0214	-0.007	0.0123	0.0028	0.3721	-0.0504	0	0	0	0	0	0	0	0	0	0	0	0	36.7102	37.8564	5362.1947	0.1622	0	4.1051	0.8506	-239.2716	0.1613	-0.4578	2.7576
4.2094	1.2319	-239.3755	0.163	-0.4489	2.7658	1.5582	-0.5646	-2.3671	-5.9293	-1.3205	6.6674	1.5757	-0.5816	-2.357	-5.9364	-0.9489	6.6256	0.0174	-0.017	0.01	-0.0071	0.3716	-0.0419	0	0	0	0	0	0	0	0	0	0	0	0	36.7092	37.8564	5362.1502	0.1629	0	4.2094	1.2319	-239.3755	0.163	-0.4489	2.7658
3.9928	1.1195	-237.2585	0.1326	-0.4844	2.787	1.5594	-0.5681	-2.3614	-5.9471	-1.3199	6.6985	1.5801	-0.5818	-2.355	-5.934	-0.9452	6.6438	0.0207	-0.0137	0.0064	0.013	0.3748	-0.0547	0	0	0	0	0	0	0	0	0	0	0	0	36.7096	37.8562	5362.2558	0.1636	0	3.9928	1.1195	-237.2585	0.1326	-0.4844	2.787
4.2504	1.1901	-238.8169	0.176	-0.4731	2.7969	1.5643	-0.5621	-2.3613	-5.9389	-1.323	6.7059	1.5845	-0.5819	-2.353	-5.9316	-0.9415	6.662	0.0202	-0.0198	0.0083	0.0073	0.3815	-0.044	0	0	0	0	0	0	0	0	0	0	0	0	36.7108	37.8562	5362.3028	0.1642	0	4.2504	1.1901	-238.8169	0.176	-0.4731	2.7969
4.2848	0.8402	-238.96	0.1542	-0.4613	2.8015	1.5691	-0.5717	-2.3626	-5.9279	-1.3224	6.7256	1.5889	-0.5821	-2.351	-5.9292	-0.9379	6.68	0.0198	-0.0104	0.0116	-0.0013	0.3845	-0.0456	0	0	0	0	0	0	0	0	0	0	0	0	36.7115	37.8557	5362.3114	0.1649	0	4.2848	0.8402	-238.96	0.1542	-0.4613	2.8015
3.9799	0.4948	-236.8655	0.1458	-0.4698	2.8104	1.5706	-0.57	-2.3552	-5.9284	-1.3233	6.7496	1.5933	-0.5823	-2.349	-5.9268	-0.9343	6.698	0.0227	-0.0123	0.0062	0.0015	0.389	-0.0516	0	0	0	0	0	0	0	0	0	0	0	0	36.7126	37.8559	5362.2956	0.1655	0	3.9799	0.4948	-236.8655	0.1458	-0.4698	2.8104
4.2647	0.9591	-237.8185	0.1385	-0.4412	2.8176	1.5771	-0.5679	-2.3546	-5.9266	-1.3228	6.7671	1.5976	-0.5824	-2.3471	-5.9244	-0.9307	6.7159	0.0206	-0.0145	0.0076	0.0022	0.3921	-0.0513	0	0	0	0	0	0	0	0	0	0	0	0	36.7124	37.8559	5362.3431	0.1662	0	4.2647	0.9591	-237.8185	0.1385	-0.4412	2.8176
4.4185	1.1053	-238.9822	0.1706	-0.4489	2.8355	1.5844	-0.5645	-2.3521	-5.9293	-1.3203	6.7906	1.602	-0.5826	-2.3451	-5.922	-0.9272	6.7336	0.0176	-0.0181	0.007	0.0072	0.393	-0.057	0	0	0	0	0	0	0	0	0	0	0	0	36.7105	37.8566	5362.2818	0.1669	0	4.4185	1.1053	-238.9822	0.1706	-0.4489	2.8355
4.4249	0.8629	-239.6651	0.1763	-0.4475	2.8259	1.5861	-0.5676	-2.3517	-5.9355	-1.3264	6.807	1.6063	-0.5828	-2.3431	-5.9197	-0.9237	6.7513	0.0202	-0.0152	0.0086	0.0159	0.4026	-0.0557	0	0	0	0	0	0	0	0	0	0	0	0	36.7089	37.8574	5362.2565	0.1675	0	4.4249	0.8629	-239.6651	0.1763	-0.4475	2.8259
4.1797	0.9418	-236.6611	0.1268	-0.4614	2.8433	1.5875	-0.5673	-2.3471	-5.9169	-1.317	6.8085	1.6106	-0.583	-2.3411	-5.9173	-0.9203	6.7689	0.0231	-0.0157	0.0059	-0.0003	0.3967	-0.0396	0	0	0	0	0	0	0	0	0	0	0	0	36.7081	37.8572	5362.2127	0.1682	0	4.1797	0.9418	-236.6611	0.1268	-0.4614	2.8433
4.589	1.1612	-237.9214	0.1056	-0.5043	2.8648	1.595	-0.5676	-2.345	-5.9175	-1.32	6.8314	1.6149	-0.5831	-2.3392	-5.9149	-0.9168	6.7864	0.0198	-0.0156	0.0058	0.0026	0.4032	-0.045	0	0	0	0	0	0	0	0	0	0	0	0	36.7086	37.858	5362.2735	0.1688	0	4.589	1.1612	-237.9214	0.1056	-0.5043	2.8648
4.811	1.1222	-240.0872	0.1907	-0.43	2.8626	1.598	-0.5696	-2.3439	-5.9113	-1.3178	6.8579	1.6192	-0.5833	-2.3372	-5.9125	-0.9134	6.8038	0.0211	-0.0137	0.0066	-0.0012	0.4044	-0.0541	0	0	0	0	0	0	0	0	0	0	0	0	36.709	37.8574	5362.2419	0.1695	0	4.811	1.1222	-240.0872	0.1907	-0.43	2.8626
4.4737	1.7138	-240.5001	0.1986	-0.4501	2.8843	1.5956	-0.5647	-2.3417	-5.9179	-1.3149	6.8741	1.6234	-0.5835	-2.3353	-5.9101	-0.9101	6.8211	0.0278	-0.0188	0.0064	0.0078	0.4048	-0.053	0	0	0	0	0	0	0	0	0	0	0	0	36.7093	37.8573	5362.2305	0.1702	0	4.4737	1.7138	-240.5001	0.1986	-0.4501	2.8843
4.6998	1.1772	-240.1898	0.1894	-0.4822	2.8876	1.605	-0.5722	-2.3446	-5.9228	-1.3142	6.8915	1.6276	-0.5837	-2.3333	-5.9077	-0.9067	6.8383	0.0226	-0.0115	0.0113	0.015	0.4074	-0.0532	0	0	0	0	0	0	0	0	0	0	0	0	36.7095	37.8577	5362.19	0.1708	0	4.6998	1.1772	-240.1898	0.1894	-0.4822	2.8876
4.5616	1.3058	-237.7655	0.1308	-0.5097	2.9097	1.6106	-0.5689	-2.3377	-5.9152	-1.3133	6.897	1.6318	-0.5839	-2.3314	-5.9053	-0.9034	6.8555	0.0212	-0.015	0.0063	0.0099	0.4099	-0.0415	0	0	0	0	0	0	0	0	0	0	0	0	36.71	37.8584	5362.2031	0.1715	0	4.5616	1.3058	-237.7655	0.1308	-0.5097	2.9097
4.485	1.2507	-238.0399	0.1331	-0.5205	2.9174	1.6159	-0.5742	-2.335	-5.912	-1.3108	6.9274	1.636	-0.5841	-2.3294	-5.9029	-0.9002	6.8725	0.0201	-0.0098	0.0056	0.0091	0.4106	-0.0548	0	0	0	0	0	0	0	0	0	0	0	0	36.7108	37.8572	5362.1607	0.1721	0	4.485	1.2507	-238.0399	0.1331	-0.5205	2.9174
4.4644	1.9473	-239.59	0.2107	-0.4895	2.9323	1.6158	-0.5664	-2.3339	-5.8877	-1.3111	6.9456	1.6402	-0.5843	-2.3275	-5.9006	-0.8969	6.8894	0.0244	-0.0179	0.0064	-0.0129	0.4141	-0.0562	0	0	0	0	0	0	0	0	0	0	0	0	36.7101	37.8577	5362.3281	0.1728	0	4.4644	1.9473	-239.59	0.2107	-0.4895	2.9323
4.6839	2.0379	-240.8894	0.2185	-0.4864	2.9314	1.6227	-0.5635	-2.3386	-5.92	-1.3018	6.9542	1.6443	-0.5845	-2.3255	-5.8982	-0.8937	6.9063	0.0215	-0.021	0.013	0.0218	0.4081	-0.048	0	0	0	0	0	0	0	0	0	0	0	0	36.7098	37.8563	5362.2634	0.1735	0	4.6839	2.0379	-240.8894	0.2185	-0.4864	2.9314
4.7594	1.3035	-238.7224	0.1703	-0.4962	2.94	1.6209	-0.5618	-2.3309	-5.9116	-1.3079	6.9774	1.6484	-0.5846	-2.3236	-5.8958	-0.8905	6.9231	0.0275	-0.0228	0.0073	0.0158	0.4174	-0.0544	0	0	0	0	0	0	0	0	0	0	0	0	36.7104	37.8552	5362.2596	0.1741	0	4.7594	1.3035	-238.7224	0.1703	-0.4962	2.94
4.9162	1.2471	-240.1925	0.196	-0.4565	2.9301	1.6298	-0.5704	-2.3285	-5.9042	-1.3122	6.999	1.6525	-0.5848	-2.3217	-5.8934	-0.8874	6.9397	0.0227	-0.0144	0.0068	0.0107	0.4248	-0.0593	0	0	0	0	0	0	0	0	0	0	0	0	36.7097	37.8544	5362.2226	0.1748	0	4.9162	1.2471	-240.1925	0.196	-0.4565	2.9301
4.2904	2.2726	-240.2776	0.2063	-0.5536	2.9657	1.6312	-0.5673	-2.3203	-5.8998	-1.3075	7.0112	1.6566	-0.585	-2.3198	-5.8911	-0.8842	6.9563	0.0254	-0.0177	0.0005	0.0087	0.4232	-0.0549	0	0	0	0	0	0	0	0	0	0	0	0	36.7079	37.8542	5362.2333	0.1754	0	4.2904	2.2726	-240.2776	0.2063	-0.5536	2.9657
4.8139	2.6789	-242.0089	0.2413	-0.4817	2.9692	1.6352	-0.5643	-2.3269	-5.8953	-1.3016	7.0189	1.6606	-0.5853	-2.3179	-5.8887	-0.8811	6.9728	0.0255	-0.0209	0.009	0.0066	0.4204	-0.0461	0	0	0	0	0	0	0	0	0	0	0	0	36.7077	37.8544	5362.2062	0.1761	0	4.8139	2.6789	-242.0089	0.2413	-0.4817	2.9692
5.102	2.387	-240.8959	0.2288	-0.4747	2.9737	1.6432	-0.5694	-2.3229	-5.8934	-1.2999	7.0413	1.6647	-0.5855	-2.316	-5.8863	-0.8781	6.9892	0.0215	-0.0161	0.0069	0.0071	0.4218	-0.0521	0	0	0	0	0	0	0	0	0	0	0	0	36.7073	37.8555	5362.2675	0.1768	0	5.102	2.387	-240.8959	0.2288	-0.4747	2.9737
4.5826	2.5594	-240.2167	0.2385	-0.5502	2.9955	1.6417	-0.5597	-2.3191	-5.8937	-1.2968	7.0548	1.6687	-0.5857	-2.3141	-5.884	-0.875	7.0055	0.027	-0.026	0.005	0.0097	0.4217	-0.0493	0	0	0	0	0	0	0	0	0	0	0	0	36.7077	37.8564	5362.2776	0.1774	0	4.5826	2.5594	-240.2167	0.2385	-0.5502	2.9955
5.0856	2.4899	-241.8092	0.2436	-0.4951	2.9935	1.6525	-0.5673	-2.3194	-5.8748	-1.3014	7.0809	1.6727	-0.5859	-2.3122	-5.8816	-0.872	7.0217	0.0202	-0.0185	0.0072	-0.0068	0.4294	-0.0592	0	0	0	0	0	0	0	0	0	0	0	0	36.7082	37.8572	5362.1782	0.1781	0	5.0856	2.4899	-241.8092	0.2436	-0.4951	2.9935
5.0593	2.6074	-241.6081	0.2363	-0.477	3.0046	1.6516	-0.5663	-2.3173	-5.876	-1.293	7.0914	1.6767	-0.5861	-2.3103	-5.8793	-0.8691	7.0378	0.0251	-0.0197	0.0071	-0.0033	0.4239	-0.0536	0	0	0	0	0	0	0	0	0	0	0	0	36.7085	37.8564	5362.1412	0.1787	0	5.0593	2.6074	-241.6081	0.2363	-0.477	3.0046
4.6661	1.9157	-239.2057	0.2119	-0.524	3.0126	1.6544	-0.5653	-2.3139	-5.8756	-1.2966	7.1024	1.6806	-0.5863	-2.3084	-5.8769	-0.8661	7.0539	0.0262	-0.021	0.0055	-0.0013	0.4305	-0.0485	0	0	0	0	0	0	0	0	0	0	0	0	36.7091	37.8551	5362.1677	0.1794	0	4.6661	1.9157	-239.2057	0.2119	-0.524	3.0126
4.9339	1.7984	-240.4053	0.1966	-0.5118	3.0081	1.6578	-0.5683	-2.3137	-5.8576	-1.2956	7.1203	1.6846	-0.5865	-2.3065	-5.8746	-0.8632	7.0698	0.0267	-0.0182	0.0071	-0.017	0.4324	-0.0505	0	0	0	0	0	0	0	0	0	0	0	0	36.7091	37.8563	5362.198	0.1801	0	4.9339	1.7984	-240.4053	0.1966	-0.5118	3.0081
5.0482	1.9498	-240.6536	0.218	-0.4984	3.0262	1.6614	-0.572	-2.3138	-5.8669	-1.2904	7.136	1.6885	-0.5867	-2.3047	-5.8722	-0.8603	7.0857	0.027	-0.0147	0.0091	-0.0053	0.4301	-0.0503	0	0	0	0	0	0	0	0	0	0	0	0	36.7103	37.8564	5362.1794	0.1807	0	5.0482	1.9498	-240.6536	0.218	-0.4984	3.0262
4.9982	2.1972	-240.6297	0.2026	-0.5212	3.0417	1.668	-0.5653	-2.3126	-5.8673	-1.2887	7.1607	1.6924	-0.587	-2.3028	-5.8699	-0.8574	7.1014	0.0244	-0.0217	0.0099	-0.0026	0.4313	-0.0593	0	0	0	0	0	0	0	0	0	0	0	0	36.7096	37.8563	5362.1837	0.1814	0	4.9982	2.1972	-240.6297	0.2026	-0.5212	3.0417
5.1703	2.066	-239.1245	0.175	-0.5057	3.0404	1.6734	-0.5541	-2.304	-5.8916	-1.2861	7.1684	1.6962	-0.5872	-2.3009	-5.8675	-0.8546	7.1171	0.0229	-0.0331	0.0031	0.0241	0.4315	-0.0513	0	0	0	0	0	0	0	0	0	0	0	0	36.7089	37.8551	5362.1845	0.182	0	5.1703	2.066	-239.1245	0.175	-0.5057	3.0404
5.6397	1.5222	-240.4583	0.2071	-0.4594	3.0381	1.6778	-0.5683	-2.308	-5.8696	-1.2874	7.1893	1.7001	-0.5874	-2.2991	-5.8652	-0.8517	7.1327	0.0222	-0.0191	0.009	0.0044	0.4356	-0.0566	0	0	0	0	0	0	0	0	0	0	0	0	36.7092	37.8547	5362.1835	0.1827	0	5.6397	1.5222	-240.4583	0.2071	-0.4594	3.0381
4.7487	1.6703	-239.1238	0.1847	-0.5454	3.0637	1.6766	-0.568	-2.3052	-5.8706	-1.283	7.1974	1.7039	-0.5876	-2.2972	-5.8629	-0.849	7.1482	0.0273	-0.0197	0.0079	0.0077	0.4341	-0.0492	0	0	0	0	0	0	0	0	0	0	0	0	36.7103	37.8552	5362.1254	0.1834	0	4.7487	1.6703	-239.1238	0.1847	-0.5454	3.0637
5.1091	1.602	-238.9485	0.1736	-0.4785	3.0574	1.6786	-0.5655	-2.3016	-5.8715	-1.2846	7.21	1.7077	-0.5879	-2.2954	-5.8605	-0.8462	7.1636	0.0291	-0.0223	0.0062	0.011	0.4384	-0.0464	0	0	0	0	0	0	0	0	0	0	0	0	36.7099	37.8558	5362.1171	0.184	0	5.1091	1.602	-238.9485	0.1736	-0.4785	3.0574
5.4696	1.9109	-239.9114	0.2112	-0.4917	3.0773	1.6919	-0.5653	-2.2992	-5.8663	-1.2818	7.2285	1.7115	-0.5881	-2.2936	-5.8582	-0.8435	7.179	0.0196	-0.0228	0.0056	0.0081	0.4384	-0.0495	0	0	0	0	0	0	0	0	0	0	0	0	36.7102	37.8569	5362.1413	0.1847	0	5.4696	1.9109	-239.9114	0.2112	-0.4917	3.0773
5.1494	2.7168	-241.9189	0.2441	-0.5321	3.0949	1.6901	-0.5601	-2.3003	-5.869	-1.2756	7.2475	1.7153	-0.5883	-2.2918	-5.8559	-0.8407	7.1942	0.0251	-0.0282	0.0086	0.0131	0.4348	-0.0534	0	0	0	0	0	0	0	0	0	0	0	0	36.711	37.8573	5362.2085	0.1853	0	5.1494	2.7168	-241.9189	0.2441	-0.5321	3.0949
4.9967	2.5013	-241.1453	0.2382	-0.545	3.102	1.6983	-0.5666	-2.298	-5.8553	-1.2757	7.28	1.719	-0.5886	-2.2899	-5.8536	-0.838	7.2093	0.0208	-0.0219	0.008	0.0017	0.4377	-0.0706	0	0	0	0	0	0	0	0	0	0	0	0	36.7116	37.8578	5362.2707	0.186	0	4.9967	2.5013	-241.1453	0.2382	-0.545	3.102
4.8926	2.1056	-239.9153	0.2281	-0.4939	3.0956	1.692	-0.5661	-2.2948	-5.8682	-1.2648	7.2762	1.7227	-0.5888	-2.2881	-5.8513	-0.8354	7.2244	0.0307	-0.0227	0.0067	0.017	0.4294	-0.0518	0	0	0	0	0	0	0	0	0	0	0	0	36.7104	37.8582	5362.3307	0.1867	0	4.8926	2.1056	-239.9153	0.2281	-0.4939	3.0956
5.396	2.0292	-241.271	0.238	-0.4672	3.1011	1.7012	-0.5677	-2.2965	-5.8491	-1.2713	7.2898	1.7264	-0.589	-2.2863	-5.849	-0.8328	7.2394	0.0253	-0.0213	0.0102	0.0001	0.4385	-0.0504	0	0	0	0	0	0	0	0	0	0	0	0	36.7106	37.8582	5362.3046	0.1873	0	5.396	2.0292	-241.271	0.238	-0.4672	3.1011
5.2476	2.3992	-241.3985	0.2478	-0.502	3.1135	1.7031	-0.5694	-2.2958	-5.8463	-1.2635	7.3103	1.7301	-0.5893	-2.2845	-5.8467	-0.8301	7.2542	0.0271	-0.0198	0.0113	-0.0004	0.4334	-0.056	0	0	0	0	0	0	0	0	0	0	0	0	36.7105	37.8581	5362.206	0.188	0	5.2476	2.3992	-241.3985	0.2478	-0.502	3.1135
4.9839	2.796	-241.9664	0.2512	-0.5241	3.1295	1.7081	-0.5654	-2.2971	-5.8456	-1.2607	7.332	1.7338	-0.5895	-2.2827	-5.8444	-0.8276	7.269	0.0256	-0.0242	0.0144	0.0012	0.4331	-0.0629	0	0	0	0	0	0	0	0	0	0	0	0	36.7104	37.8582	5362.1837	0.1886	0	4.9839	2.796	-241.9664	0.2512	-0.5241	3.1295
5.1842	1.9162	-238.998	0.222	-0.4515	3.1076	1.7104	-0.5619	-2.2872	-5.8295	-1.2533	7.3417	1.7374	-0.5897	-2.281	-5.8421	-0.825	7.2837	0.0271	-0.0279	0.0062	-0.0126	0.4283	-0.058	0	0	0	0	0	0	0	0	0	0	0	0	36.7098	37.8583	5362.0288	0.1893	0	5.1842	1.9162	-238.998	0.222	-0.4515	3.1076
5.18	1.6738	-238.7093	0.1764	-0.4657	3.1117	1.7171	-0.5684	-2.2839	-5.8562	-1.2495	7.3488	1.7411	-0.59	-2.2792	-5.8398	-0.8224	7.2984	0.024	-0.0215	0.0047	0.0164	0.427	-0.0504	0	0	0	0	0	0	0	0	0	0	0	0	36.7095	37.8577	5361.9568	0.19	0	5.18	1.6738	-238.7093	0.1764	-0.4657	3.1117
4.7995	1.9409	-239.2396	0.2032	-0.4684	3.1211	1.7084	-0.5669	-2.2863	-5.8576	-1.2434	7.3544	1.7446	-0.5902	-2.2774	-5.8376	-0.8199	7.3129	0.0363	-0.0233	0.0089	0.0201	0.4235	-0.0416	0	0	0	0	0	0	0	0	0	0	0	0	36.7086	37.8569	5361.8121	0.1906	0	4.7995	1.9409	-239.2396	0.2032	-0.4684	3.1211
5.0112	2.176	-239.1063	0.2242	-0.4649	3.1297	1.7206	-0.5711	-2.28	-5.8472	-1.2399	7.3737	1.7482	-0.5905	-2.2756	-5.8353	-0.8174	7.3273	0.0276	-0.0194	0.0044	0.0119	0.4225	-0.0464	0	0	0	0	0	0	0	0	0	0	0	0	36.7092	37.8569	5361.7697	0.1913	0	5.0112	2.176	-239.1063	0.2242	-0.4649	3.1297
4.7858	2.8829	-239.3556	0.2531	-0.5212	3.1634	1.7286	-0.5641	-2.28	-5.8398	-1.233	7.3858	1.7518	-0.5907	-2.2739	-5.833	-0.815	7.3417	0.0232	-0.0267	0.0061	0.0068	0.418	-0.0441	0	0	0	0	0	0	0	0	0	0	0	0	36.7099	37.8564	5361.9091	0.1919	0	4.7858	2.8829	-239.3556	0.2531	-0.5212	3.1634
4.9268	3.2934	-240.8121	0.2508	-0.4773	3.1669	1.7327	-0.5603	-2.2805	-5.8223	-1.2297	7.4059	1.7553	-0.591	-2.2721	-5.8308	-0.8125	7.3559	0.0226	-0.0307	0.0083	-0.0085	0.4172	-0.05	0	0	0	0	0	0	0	0	0	0	0	0	36.7096	37.8562	5361.8721	0.1926	0	4.9268	3.2934	-240.8121	0.2508	-0.4773	3.1669
4.5977	2.1547	-240.4167	0.2664	-0.4232	3.1704	1.733	-0.5608	-2.2846	-5.8227	-1.217	7.418	1.7588	-0.5913	-2.2704	-5.8285	-0.8101	7.3701	0.0258	-0.0304	0.0142	-0.0058	0.4069	-0.0479	0	0	0	0	0	0	0	0	0	0	0	0	36.7094	37.8558	5361.9008	0.1933	0	4.5977	2.1547	-240.4167	0.2664	-0.4232	3.1704
4.0351	1.2505	-237.6172	0.1919	-0.4206	3.1615	1.7318	-0.5685	-2.2736	-5.8264	-1.2076	7.4272	1.7623	-0.5915	-2.2687	-5.8263	-0.8077	7.3842	0.0306	-0.023	0.0049	0.0002	0.3999	-0.043	0	0	0	0	0	0	0	0	0	0	0	0	36.7088	37.8567	5361.8965	0.1939	0	4.0351	1.2505	-237.6172	0.1919	-0.4206	3.1615
3.9353	1.8473	-236.8758	0.1572	-0.4551	3.1763	1.7398	-0.5706	-2.2725	-5.8245	-1.1954	7.4493	1.7658	-0.5918	-2.2669	-5.824	-0.8053	7.3981	0.026	-0.0212	0.0056	0.0004	0.3901	-0.0512	0	0	0	0	0	0	0	0	0	0	0	0	36.7089	37.8566	5361.908	0.1946	0	3.9353	1.8473	-236.8758	0.1572	-0.4551	3.1763
3.7067	1.995	-237.6056	0.196	-0.438	3.1923	1.7436	-0.565	-2.274	-5.8085	-1.177	7.4593	1.7692	-0.592	-2.2652	-5.8218	-0.8029	7.412	0.0256	-0.027	0.0088	-0.0133	0.374	-0.0473	0	0	0	0	0	0	0	0	0	0	0	0	36.7087	37.8554	5361.8445	0.1952	0	3.7067	1.995	-237.6056	0.196	-0.438	3.1923
3.5261	1.4714	-236.6605	0.1602	-0.3834	3.178	1.7453	-0.564	-2.2708	-5.8146	-1.1655	7.4675	1.7727	-0.5923	-2.2635	-5.8196	-0.8006	7.4259	0.0274	-0.0283	0.0073	-0.0049	0.3649	-0.0417	0	0	0	0	0	0	0	0	0	0	0	0	36.7092	37.8558	5361.8221	0.1959	0	3.5261	1.4714	-236.6605	0.1602	-0.3834	3.178
3.122	0.801	-235.7775	0.1321	-0.3912	3.1862	1.7408	-0.5638	-2.267	-5.8253	-1.1494	7.4696	1.7761	-0.5926	-2.2618	-5.8174	-0.7983	7.4396	0.0353	-0.0288	0.0052	0.008	0.3511	-0.03	0	0	0	0	0	0	0	0	0	0	0	0	36.7093	37.8566	5361.9066	0.1966	0	3.122	0.801	-235.7775	0.1321	-0.3912	3.1862
3.4119	0.3373	-236.4949	0.1412	-0.3255	3.1785	1.7473	-0.5684	-2.2651	-5.7955	-1.1412	7.4859	1.7795	-0.5928	-2.2601	-5.8151	-0.796	7.4532	0.0321	-0.0244	0.005	-0.0196	0.3452	-0.0328	0	0	0	0	0	0	0	0	0	0	0	0	36.7093	37.8564	5361.8416	0.1972	0	3.4119	0.3373	-236.4949	0.1412	-0.3255	3.1785
3.4424	0.4788	-237.5321	0.1494	-0.3252	3.1992	1.7585	-0.5694	-2.2655	-5.8161	-1.1275	7.5032	1.7828	-0.5931	-2.2584	-5.8129	-0.7937	7.4667	0.0243	-0.0237	0.0071	0.0032	0.3338	-0.0365	0	0	0	0	0	0	0	0	0	0	0	0	36.7095	37.8564	5361.8897	0.1979	0	3.4424	0.4788	-237.5321	0.1494	-0.3252	3.1992
3.0752	0.9313	-237.4647	0.1412	-0.3333	3.2153	1.7616	-0.5693	-2.2616	-5.8243	-1.1118	7.5121	1.7862	-0.5934	-2.2567	-5.8107	-0.7914	7.4802	0.0246	-0.0241	0.0049	0.0135	0.3204	-0.0319	0	0	0	0	0	0	0	0	0	0	0	0	36.7091	37.856	5361.8469	0.1985	0	3.0752	0.9313	-237.4647	0.1412	-0.3333	3.2153
3.0272	1.3168	-237.5134	0.1668	-0.3284	3.2256	1.7695	-0.5627	-2.2612	-5.8111	-1.1075	7.5257	1.7895	-0.5937	-2.2551	-5.8085	-0.7892	7.4936	0.02	-0.031	0.0061	0.0025	0.3183	-0.0322	0	0	0	0	0	0	0	0	0	0	0	0	36.7093	37.8564	5361.8363	0.1992	0	3.0272	1.3168	-237.5134	0.1668	-0.3284	3.2256
2.5398	1.2457	-237.9479	0.173	-0.3431	3.2381	1.7726	-0.5716	-2.2627	-5.8167	-1.094	7.5371	1.7928	-0.5939	-2.2534	-5.8064	-0.787	7.5068	0.0202	-0.0223	0.0092	0.0103	0.307	-0.0303	0	0	0	0	0	0	0	0	0	0	0	0	36.7096	37.8568	5361.9372	0.1999	0	2.5398	1.2457	-237.9479	0.173	-0.3431	3.2381
2.253	1.3143	-238.2976	0.1442	-0.3106	3.2364	1.7679	-0.572	-2.2618	-5.8062	-1.0905	7.5473	1.7961	-0.5942	-2.2518	-5.8042	-0.7848	7.52	0.0282	-0.0223	0.0101	0.002	0.3057	-0.0273	0	0	0	0	0	0	0	0	0	0	0	0	36.7093	37.8561	5361.9686	0.2005	0	2.253	1.3143	-238.2976	0.1442	-0.3106	3.2364
2.4804	1.3594	-237.935	0.1631	-0.2804	3.2394	1.7718	-0.569	-2.2643	-5.7998	-1.0805	7.5595	1.7993	-0.5945	-2.2501	-5.802	-0.7826	7.5331	0.0276	-0.0255	0.0142	-0.0022	0.2979	-0.0264	0	0	0	0	0	0	0	0	0	0	0	0	36.7106	37.8553	5362.0652	0.2012	0	2.4804	1.3594	-237.935	0.1631	-0.2804	3.2394
2.5338	0.5922	-237.6288	0.1901	-0.2897	3.2524	1.7751	-0.5702	-2.2552	-5.8024	-1.0734	7.569	1.8026	-0.5948	-2.2485	-5.7998	-0.7804	7.5461	0.0275	-0.0246	0.0067	0.0025	0.293	-0.0229	0	0	0	0	0	0	0	0	0	0	0	0	36.7095	37.8558	5361.9821	0.2018	0	2.5338	0.5922	-237.6288	0.1901	-0.2897	3.2524
2.4161	1.2225	-238.0898	0.1898	-0.3004	3.25	1.7805	-0.574	-2.2542	-5.8	-1.0731	7.594	1.8058	-0.5951	-2.2468	-5.7977	-0.7783	7.559	0.0253	-0.021	0.0074	0.0023	0.2949	-0.035	0	0	0	0	0	0	0	0	0	0	0	0	36.7084	37.8565	5361.9428	0.2025	0	2.4161	1.2225	-238.0898	0.1898	-0.3004	3.25
2.0439	1.4519	-237.5903	0.1666	-0.3351	3.2709	1.7819	-0.5693	-2.2584	-5.786	-1.0646	7.5989	1.809	-0.5954	-2.2452	-5.7955	-0.7761	7.5718	0.0271	-0.026	0.0132	-0.0095	0.2885	-0.027	0	0	0	0	0	0	0	0	0	0	0	0	36.7085	37.8564	5361.9095	0.2032	0	2.0439	1.4519	-237.5903	0.1666	-0.3351	3.2709
2.3565	0.266	-236.424	0.1343	-0.261	3.2563	1.7856	-0.5718	-2.2487	-5.7849	-1.0612	7.6162	1.8122	-0.5957	-2.2436	-5.7934	-0.774	7.5846	0.0266	-0.0239	0.0051	-0.0084	0.2872	-0.0316	0	0	0	0	0	0	0	0	0	0	0	0	36.7086	37.8557	5362.0252	0.2038	0	2.3565	0.266	-236.424	0.1343	-0.261	3.2563
2.0513	0.5552	-235.324	0.1094	-0.3355	3.2708	1.7892	-0.578	-2.2499	-5.7927	-1.0531	7.626	1.8153	-0.5959	-2.242	-5.7912	-0.7719	7.5972	0.0261	-0.018	0.0079	0.0015	0.2812	-0.0288	0	0	0	0	0	0	0	0	0	0	0	0	36.7078	37.8559	5362.0486	0.2045	0	2.0513	0.5552	-235.324	0.1094	-0.3355	3.2708
1.9863	0.9832	-236.6999	0.1083	-0.3397	3.2861	1.797	-0.5717	-2.2506	-5.7857	-1.0446	7.6442	1.8184	-0.5962	-2.2404	-5.7891	-0.7698	7.6098	0.0215	-0.0246	0.0102	-0.0034	0.2748	-0.0344	0	0	0	0	0	0	0	0	0	0	0	0	36.707	37.8558	5362.0688	0.2051	0	1.9863	0.9832	-236.6999	0.1083	-0.3397	3.2861
2.0705	0.8148	-236.1237	0.0913	-0.287	3.2736	1.7956	-0.5693	-2.245	-5.7958	-1.0394	7.6495	1.8215	-0.5965	-2.2388	-5.787	-0.7678	7.6222	0.026	-0.0272	0.0062	0.0088	0.2716	-0.0273	0	0	0	0	0	0	0	0	0	0	0	0	36.7073	37.8563	5362.0108	0.2058	0	2.0705	0.8148	-236.1237	0.0913	-0.287	3.2736
1.8312	0.7857	-235.7281	0.0897	-0.3248	3.2952	1.7972	-0.5691	-2.2444	-5.8029	-1.038	7.6587	1.8246	-0.5968	-2.2372	-5.7849	-0.7657	7.6346	0.0274	-0.0277	0.0071	0.018	0.2723	-0.0241	0	0	0	0	0	0	0	0	0	0	0	0	36.7085	37.857	5361.9637	0.2065	0	1.8312	0.7857	-235.7281	0.0897	-0.3248	3.2952
2.0405	0.5966	-237.2031	0.1474	-0.3017	3.2959	1.8025	-0.575	-2.2453	-5.7873	-1.033	7.6656	1.8277	-0.5971	-2.2356	-5.7827	-0.7637	7.6469	0.0252	-0.0222	0.0096	0.0045	0.2693	-0.0187	0	0	0	0	0	0	0	0	0	0	0	0	36.7093	37.8586	5362.0057	0.2071	0	2.0405	0.5966	-237.2031	0.1474	-0.3017	3.2959
2.0594	0.6358	-237.8273	0.175	-0.2541	3.3058	1.8071	-0.5814	-2.244	-5.7806	-1.0287	7.6834	1.8308	-0.5975	-2.2341	-5.7806	-0.7616	7.6591	0.0236	-0.0161	0.0099	-0.0001	0.2671	-0.0244	0	0	0	0	0	0	0	0	0	0	0	0	36.7093	37.8593	5362.1583	0.2078	0	2.0594	0.6358	-237.8273	0.175	-0.2541	3.3058
1.5621	1.2359	-236.9243	0.1418	-0.3058	3.3293	1.8033	-0.5713	-2.24	-5.7801	-1.0217	7.6972	1.8338	-0.5978	-2.2325	-5.7785	-0.7596	7.6712	0.0304	-0.0265	0.0075	0.0016	0.2621	-0.0259	0	0	0	0	0	0	0	0	0	0	0	0	36.7095	37.8603	5362.1227	0.2084	0	1.5621	1.2359	-236.9243	0.1418	-0.3058	3.3293
2.0539	1.0644	-237.8288	0.1654	-0.2685	3.3192	1.8111	-0.5708	-2.2404	-5.7856	-1.017	7.7126	1.8368	-0.5981	-2.231	-5.7765	-0.7576	7.6832	0.0257	-0.0272	0.0095	0.0092	0.2593	-0.0294	0	0	0	0	0	0	0	0	0	0	0	0	36.7087	37.8601	5362.1621	0.2091	0	2.0539	1.0644	-237.8288	0.1654	-0.2685	3.3192
2.3502	0.955	-238.0481	0.1686	-0.2513	3.3257	1.8199	-0.5759	-2.2421	-5.7688	-1.0133	7.7268	1.8398	-0.5984	-2.2294	-5.7744	-0.7556	7.6951	0.0199	-0.0225	0.0126	-0.0056	0.2577	-0.0317	0	0	0	0	0	0	0	0	0	0	0	0	36.7089	37.8591	5362.1271	0.2098	0	2.3502	0.955	-238.0481	0.1686	-0.2513	3.3257
1.8049	0.7238	-237.2612	0.1545	-0.2356	3.3214	1.818	-0.5765	-2.2342	-5.774	-1.0095	7.7374	1.8427	-0.5987	-2.2279	-5.7723	-0.7537	7.707	0.0248	-0.0222	0.0063	0.0017	0.2558	-0.0304	0	0	0	0	0	0	0	0	0	0	0	0	36.7082	37.8586	5362.1377	0.2104	0	1.8049	0.7238	-237.2612	0.1545	-0.2356	3.3214
1.6324	0.8516	-234.9882	0.114	-0.2729	3.335	1.8133	-0.5737	-2.2299	-5.767	-1.0037	7.7373	1.8457	-0.599	-2.2264	-5.7702	-0.7517	7.7187	0.0323	-0.0253	0.0035	-0.0032	0.252	-0.0186	0	0	0	0	0	0	0	0	0	0	0	0	36.7077	37.8586	5362.1142	0.2111	0	1.6324	0.8516	-234.9882	0.114	-0.2729	3.335
2.1136	0.678	-237.5785	0.1331	-0.2787	3.3369	1.827	-0.5807	-2.2313	-5.7735	-1.0047	7.756	1.8486	-0.5993	-2.2249	-5.7682	-0.7498	7.7303	0.0216	-0.0186	0.0065	0.0053	0.255	-0.0256	0	0	0	0	0	0	0	0	0	0	0	0	36.7074	37.8584	5362.1143	0.2117	0	2.1136	0.678	-237.5785	0.1331	-0.2787	3.3369
2.069	1.1361	-238.4605	0.1763	-0.2662	3.3614	1.8341	-0.5761	-2.2319	-5.7622	-1.001	7.7775	1.8515	-0.5996	-2.2233	-5.7661	-0.7478	7.7419	0.0174	-0.0235	0.0085	-0.0039	0.2531	-0.0356	0	0	0	0	0	0	0	0	0	0	0	0	36.7088	37.8581	5362.1276	0.2124	0	2.069	1.1361	-238.4605	0.1763	-0.2662	3.3614
1.4959	1.1724	-237.0437	0.1457	-0.2671	3.3686	1.8206	-0.5748	-2.2266	-5.758	-0.9903	7.7843	1.8544	-0.6	-2.2219	-5.7641	-0.7459	7.7534	0.0338	-0.0252	0.0048	-0.0061	0.2444	-0.0309	0	0	0	0	0	0	0	0	0	0	0	0	36.7094	37.8586	5362.0718	0.2131	0	1.4959	1.1724	-237.0437	0.1457	-0.2671	3.3686
1.7383	0.4534	-237.4064	0.1563	-0.2231	3.3514	1.8305	-0.5818	-2.2269	-5.7621	-0.9883	7.7925	1.8572	-0.6003	-2.2204	-5.7621	-0.744	7.7647	0.0268	-0.0184	0.0065	0	0.2443	-0.0277	0	0	0	0	0	0	0	0	0	0	0	0	36.7086	37.8574	5361.9922	0.2137	0	1.7383	0.4534	-237.4064	0.1563	-0.2231	3.3514
1.8585	0.7806	-237.6989	0.1491	-0.2512	3.3749	1.8342	-0.5815	-2.2324	-5.7718	-0.9824	7.7993	1.8601	-0.6006	-2.2189	-5.7601	-0.7421	7.776	0.0259	-0.0191	0.0135	0.0117	0.2403	-0.0232	0	0	0	0	0	0	0	0	0	0	0	0	36.7096	37.8576	5362.0895	0.2144	0	1.8585	0.7806	-237.6989	0.1491	-0.2512	3.3749
1.8937	0.6087	-235.4182	0.1293	-0.2628	3.3735	1.8431	-0.5821	-2.2232	-5.7619	-0.9814	7.8184	1.8629	-0.6009	-2.2174	-5.7581	-0.7402	7.7872	0.0198	-0.0188	0.0057	0.0039	0.2412	-0.0312	0	0	0	0	0	0	0	0	0	0	0	0	36.7093	37.858	5362.0619	0.215	0	1.8937	0.6087	-235.4182	0.1293	-0.2628	3.3735
1.671	1.3866	-236.7943	0.157	-0.2525	3.3926	1.8427	-0.5747	-2.2205	-5.7669	-0.9762	7.8241	1.8657	-0.6013	-2.216	-5.7561	-0.7384	7.7983	0.023	-0.0265	0.0045	0.0108	0.2379	-0.0258	0	0	0	0	0	0	0	0	0	0	0	0	36.7102	37.8576	5361.9901	0.2157	0	1.671	1.3866	-236.7943	0.157	-0.2525	3.3926
1.4133	1.3625	-236.9419	0.1401	-0.2921	3.407	1.8407	-0.5776	-2.22	-5.7705	-0.9727	7.8316	1.8685	-0.6016	-2.2145	-5.7541	-0.7365	7.8093	0.0278	-0.024	0.0055	0.0165	0.2362	-0.0223	0	0	0	0	0	0	0	0	0	0	0	0	36.7103	37.8552	5362.0581	0.2164	0	1.4133	1.3625	-236.9419	0.1401	-0.2921	3.407
1.6173	1.0276	-237.0024	0.1577	-0.2474	3.4034	1.8458	-0.5829	-2.2214	-5.7628	-0.9702	7.8389	1.8713	-0.6019	-2.2131	-5.7521	-0.7346	7.8202	0.0255	-0.0191	0.0084	0.0108	0.2355	-0.0187	0	0	0	0	0	0	0	0	0	0	0	0	36.7102	37.855	5362.0357	0.217	0	1.6173	1.0276	-237.0024	0.1577	-0.2474	3.4034
1.7594	1.1853	-237.7435	0.1595	-0.2531	3.4073	1.8476	-0.5808	-2.2153	-5.7354	-0.9628	7.8521	1.874	-0.6023	-2.2116	-5.7501	-0.7328	7.8311	0.0264	-0.0214	0.0036	-0.0147	0.23	-0.0211	0	0	0	0	0	0	0	0	0	0	0	0	36.7092	37.8559	5361.9846	0.2177	0	1.7594	1.1853	-237.7435	0.1595	-0.2531	3.4073
1.5479	1.6708	-237.3458	0.1471	-0.3242	3.4324	1.8558	-0.5777	-2.2152	-5.7479	-0.9611	7.8676	1.8767	-0.6026	-2.2102	-5.7481	-0.731	7.8418	0.0209	-0.0249	0.005	-0.0002	0.2302	-0.0258	0	0	0	0	0	0	0	0	0	0	0	0	36.709	37.857	5362.0138	0.2183	0	1.5479	1.6708	-237.3458	0.1471	-0.3242	3.4324
1.7785	1.7297	-238.1353	0.1764	-0.2635	3.4315	1.8619	-0.5774	-2.2142	-5.7448	-0.9588	7.8878	1.8794	-0.6029	-2.2088	-5.7462	-0.7291	7.8524	0.0175	-0.0255	0.0054	-0.0014	0.2296	-0.0354	0	0	0	0	0	0	0	0	0	0	0	0	36.7095	37.8569	5361.9851	0.219	0	1.7785	1.7297	-238.1353	0.1764	-0.2635	3.4315
1.4169	1.5367	-237.9516	0.1696	-0.2595	3.4328	1.8569	-0.5853	-2.2133	-5.7282	-0.9538	7.8899	1.8821	-0.6033	-2.2074	-5.7443	-0.7273	7.863	0.0252	-0.018	0.0059	-0.016	0.2264	-0.027	0	0	0	0	0	0	0	0	0	0	0	0	36.7088	37.8565	5361.9697	0.2197	0	1.4169	1.5367	-237.9516	0.1696	-0.2595	3.4328
1.1864	1.3852	-238.6155	0.1628	-0.2649	3.4392	1.8585	-0.5825	-2.2149	-5.7248	-0.9492	7.8938	1.8848	-0.6036	-2.206	-5.7423	-0.7255	7.8734	0.0262	-0.0211	0.0089	-0.0175	0.2237	-0.0203	0	0	0	0	0	0	0	0	0	0	0	0	36.7086	37.8566	5362.0737	0.2203	0	1.1864	1.3852	-238.6155	0.1628	-0.2649	3.4392
1.5689	0.7367	-236.4114	0.1277	-0.2336	3.4272	1.8643	-0.5837	-2.2087	-5.7276	-0.9466	7.8991	1.8874	-0.6039	-2.2046	-5.7404	-0.7237	7.8838	0.0231	-0.0203	0.0041	-0.0128	0.2228	-0.0153	0	0	0	0	0	0	0	0	0	0	0	0	36.7095	37.8568	5362.0729	0.221	0	1.5689	0.7367	-236.4114	0.1277	-0.2336	3.4272
1.6728	0.9957	-236.4967	0.1061	-0.2494	3.4518	1.8708	-0.5815	-2.2062	-5.7256	-0.9437	7.9166	1.89	-0.6043	-2.2032	-5.7385	-0.722	7.8941	0.0192	-0.0228	0.0029	-0.0129	0.2218	-0.0225	0	0	0	0	0	0	0	0	0	0	0	0	36.7105	37.8574	5362.1032	0.2216	0	1.6728	0.9957	-236.4967	0.1061	-0.2494	3.4518
1.5798	0.9101	-238.0219	0.1445	-0.2161	3.4496	1.8745	-0.5824	-2.2052	-5.7406	-0.9434	7.9406	1.8926	-0.6046	-2.2019	-5.7366	-0.7202	7.9043	0.0181	-0.0222	0.0033	0.0041	0.2232	-0.0364	0	0	0	0	0	0	0	0	0	0	0	0	36.7099	37.8564	5362.1016	0.2223	0	1.5798	0.9101	-238.0219	0.1445	-0.2161	3.4496
0.9395	1.1734	-237.3668	0.1214	-0.2525	3.4721	1.8689	-0.5847	-2.2113	-5.7457	-0.9376	7.943	1.8952	-0.6049	-2.2005	-5.7347	-0.7184	7.9144	0.0263	-0.0203	0.0108	0.011	0.2191	-0.0287	0	0	0	0	0	0	0	0	0	0	0	0	36.7107	37.8572	5362.219	0.223	0	0.9395	1.1734	-237.3668	0.1214	-0.2525	3.4721
1.2031	0.4712	-236.0785	0.124	-0.2101	3.4481	1.8728	-0.5833	-2.2047	-5.74	-0.9268	7.9428	1.8978	-0.6053	-2.1992	-5.7328	-0.7167	7.9243	0.025	-0.022	0.0056	0.0071	0.2101	-0.0185	0	0	0	0	0	0	0	0	0	0	0	0	36.7106	37.8576	5362.1812	0.2236	0	1.2031	0.4712	-236.0785	0.124	-0.2101	3.4481
1.5968	0.7344	-237.1295	0.1377	-0.2181	3.4505	1.883	-0.5904	-2.2043	-5.727	-0.9269	7.9505	1.9003	-0.6056	-2.1978	-5.7309	-0.7149	7.9343	0.0174	-0.0152	0.0065	-0.0039	0.212	-0.0162	0	0	0	0	0	0	0	0	0	0	0	0	36.7106	37.858	5362.2444	0.2243	0	1.5968	0.7344	-237.1295	0.1377	-0.2181	3.4505
1.3761	1.3355	-237.6926	0.138	-0.1997	3.4739	1.8831	-0.5858	-2.2063	-5.7332	-0.9182	7.9708	1.9028	-0.6059	-2.1965	-5.7291	-0.7132	7.9441	0.0197	-0.0202	0.0098	0.0041	0.205	-0.0268	0	0	0	0	0	0	0	0	0	0	0	0	36.711	37.8579	5362.3226	0.2249	0	1.3761	1.3355	-237.6926	0.138	-0.1997	3.4739
0.9013	1.2643	-237.5372	0.1443	-0.2006	3.4681	1.8803	-0.5831	-2.2025	-5.7116	-0.916	7.976	1.9053	-0.6063	-2.1952	-5.7272	-0.7115	7.9538	0.0251	-0.0232	0.0074	-0.0156	0.2046	-0.0222	0	0	0	0	0	0	0	0	0	0	0	0	36.7111	37.8576	5362.3792	0.2256	0	0.9013	1.2643	-237.5372	0.1443	-0.2006	3.4681
0.7941	0.5476	-236.7067	0.1251	-0.2127	3.4736	1.8848	-0.5862	-2.1992	-5.7314	-0.9062	7.9807	1.9078	-0.6066	-2.1939	-5.7254	-0.7097	7.9634	0.023	-0.0205	0.0053	0.006	0.1964	-0.0173	0	0	0	0	0	0	0	0	0	0	0	0	36.7101	37.8568	5362.3794	0.2263	0	0.7941	0.5476	-236.7067	0.1251	-0.2127	3.4736
0.8612	0.5391	-236.2836	0.0783	-0.2291	3.4828	1.8888	-0.5929	-2.1999	-5.7228	-0.909	7.9951	1.9103	-0.607	-2.1926	-5.7236	-0.708	7.9729	0.0215	-0.0141	0.0073	-0.0008	0.2009	-0.0222	0	0	0	0	0	0	0	0	0	0	0	0	36.7094	37.8573	5362.311	0.2269	0	0.8612	0.5391	-236.2836	0.0783	-0.2291	3.4828
1.1202	0.8689	-237.1887	0.1352	-0.1846	3.4831	1.8917	-0.5864	-2.2022	-5.7068	-0.9054	8.002	1.9127	-0.6073	-2.1913	-5.7218	-0.7063	7.9824	0.021	-0.0209	0.011	-0.0149	0.1991	-0.0196	0	0	0	0	0	0	0	0	0	0	0	0	36.7094	37.858	5362.3347	0.2276	0	1.1202	0.8689	-237.1887	0.1352	-0.1846	3.4831
1.0974	0.7668	-235.589	0.0835	-0.1906	3.4976	1.8985	-0.582	-2.1971	-5.7162	-0.9011	8.0222	1.9152	-0.6076	-2.19	-5.72	-0.7046	7.9917	0.0166	-0.0257	0.0071	-0.0037	0.1965	-0.0304	0	0	0	0	0	0	0	0	0	0	0	0	36.7093	37.858	5362.2269	0.2282	0	1.0974	0.7668	-235.589	0.0835	-0.1906	3.4976
1.1472	0.2123	-235.8343	0.1168	-0.154	3.4827	1.8983	-0.5848	-2.1974	-5.7177	-0.897	8.0228	1.9176	-0.608	-2.1887	-5.7182	-0.703	8.001	0.0193	-0.0231	0.0086	-0.0005	0.194	-0.0218	0	0	0	0	0	0	0	0	0	0	0	0	36.7104	37.8584	5362.2064	0.2289	0	1.1472	0.2123	-235.8343	0.1168	-0.154	3.4827
0.842	-0.0582	-235.7959	0.1078	-0.1887	3.4929	1.8989	-0.5916	-2.195	-5.724	-0.8939	8.032	1.9199	-0.6083	-2.1875	-5.7164	-0.7013	8.0101	0.021	-0.0167	0.0075	0.0076	0.1926	-0.0218	0	0	0	0	0	0	0	0	0	0	0	0	36.7097	37.8589	5362.1768	0.2296	0	0.842	-0.0582	-235.7959	0.1078	-0.1887	3.4929
0.6397	0.2072	-234.6964	0.0833	-0.2007	3.5076	1.8975	-0.5861	-2.1973	-5.7218	-0.8883	8.0458	1.9223	-0.6086	-2.1862	-5.7146	-0.6996	8.0192	0.0248	-0.0226	0.0111	0.0071	0.1887	-0.0265	0	0	0	0	0	0	0	0	0	0	0	0	36.7102	37.8589	5362.0251	0.2302	0	0.6397	0.2072	-234.6964	0.0833	-0.2007	3.5076
0.8364	0.1425	-234.2873	0.0945	-0.1963	3.5093	1.903	-0.5859	-2.1854	-5.707	-0.8861	8.049	1.9247	-0.609	-2.185	-5.7129	-0.698	8.0282	0.0217	-0.0231	0.0004	-0.0059	0.1881	-0.0208	0	0	0	0	0	0	0	0	0	0	0	0	36.7113	37.8576	5361.8894	0.2309	0	0.8364	0.1425	-234.2873	0.0945	-0.1963	3.5093
1.3248	0.0841	-235.5404	0.1023	-0.1123	3.4877	1.9076	-0.5922	-2.1899	-5.7136	-0.8797	8.0596	1.927	-0.6093	-2.1837	-5.7111	-0.6963	8.0371	0.0193	-0.0171	0.0062	0.0025	0.1834	-0.0226	0	0	0	0	0	0	0	0	0	0	0	0	36.7119	37.8587	5361.8074	0.2315	0	1.3248	0.0841	-235.5404	0.1023	-0.1123	3.4877
0.5715	0.7144	-234.9219	0.0703	-0.2044	3.5207	1.9064	-0.5898	-2.1901	-5.7075	-0.8808	8.071	1.9293	-0.6096	-2.1825	-5.7094	-0.6947	8.0459	0.0229	-0.0199	0.0075	-0.0019	0.1861	-0.0251	0	0	0	0	0	0	0	0	0	0	0	0	36.7105	37.8582	5361.7335	0.2322	0	0.5715	0.7144	-234.9219	0.0703	-0.2044	3.5207
0.6986	0.2211	-233.7669	0.0543	-0.1785	3.5164	1.9084	-0.5934	-2.1876	-5.6998	-0.8737	8.0725	1.9316	-0.61	-2.1813	-5.7077	-0.693	8.0546	0.0232	-0.0166	0.0063	-0.0079	0.1807	-0.0179	0	0	0	0	0	0	0	0	0	0	0	0	36.7101	37.8572	5361.7885	0.2329	0	0.6986	0.2211	-233.7669	0.0543	-0.1785	3.5164
0.5873	-0.1411	-234.6185	0.09	-0.1852	3.5232	1.9085	-0.5932	-2.1874	-5.7001	-0.8675	8.0753	1.9339	-0.6103	-2.1801	-5.706	-0.6914	8.0632	0.0253	-0.0171	0.0073	-0.0059	0.1761	-0.0121	0	0	0	0	0	0	0	0	0	0	0	0	36.7107	37.857	5361.827	0.2335	0	0.5873	-0.1411	-234.6185	0.09	-0.1852	3.5232
0.71	0.1969	-234.6749	0.0745	-0.1825	3.5321	1.9185	-0.5918	-2.184	-5.7048	-0.8641	8.0901	1.9361	-0.6106	-2.1789	-5.7043	-0.6898	8.0717	0.0176	-0.0188	0.0051	0.0005	0.1743	-0.0184	0	0	0	0	0	0	0	0	0	0	0	0	36.7106	37.8564	5361.7182	0.2342	0	0.71	0.1969	-234.6749	0.0745	-0.1825	3.5321
0.8273	0.7269	-236.6165	0.1267	-0.1681	3.5431	1.9218	-0.5885	-2.1859	-5.697	-0.8628	8.1054	1.9383	-0.611	-2.1777	-5.7026	-0.6882	8.0801	0.0166	-0.0225	0.0082	-0.0056	0.1746	-0.0252	0	0	0	0	0	0	0	0	0	0	0	0	36.7113	37.8556	5361.7281	0.2348	0	0.8273	0.7269	-236.6165	0.1267	-0.1681	3.5431
0.6707	0.4994	-236.554	0.1375	-0.132	3.5438	1.9166	-0.5859	-2.1821	-5.6998	-0.8568	8.11	1.9405	-0.6113	-2.1766	-5.701	-0.6866	8.0885	0.0239	-0.0254	0.0055	-0.0011	0.1703	-0.0216	0	0	0	0	0	0	0	0	0	0	0	0	36.7109	37.8552	5361.7994	0.2355	0	0.6707	0.4994	-236.554	0.1375	-0.132	3.5438
0.6279	0.0682	-235.7854	0.0942	-0.1579	3.5395	1.9197	-0.5922	-2.184	-5.6981	-0.8549	8.1201	1.9427	-0.6116	-2.1754	-5.6993	-0.685	8.0967	0.023	-0.0194	0.0086	-0.0012	0.1699	-0.0234	0	0	0	0	0	0	0	0	0	0	0	0	36.7105	37.8539	5361.7048	0.2362	0	0.6279	0.0682	-235.7854	0.0942	-0.1579	3.5395
0.7401	-0.3468	-234.8494	0.0722	-0.1344	3.5399	1.9277	-0.5954	-2.1808	-5.6827	-0.854	8.1309	1.9449	-0.612	-2.1742	-5.6977	-0.6834	8.1049	0.0172	-0.0166	0.0065	-0.015	0.1707	-0.0261	0	0	0	0	0	0	0	0	0	0	0	0	36.7095	37.8538	5361.7016	0.2368	0	0.7401	-0.3468	-234.8494	0.0722	-0.1344	3.5399
0.8608	-0.29	-234.9044	0.0988	-0.1286	3.5394	1.9265	-0.5944	-2.1736	-5.7046	-0.8473	8.1316	1.9471	-0.6123	-2.1731	-5.696	-0.6818	8.1129	0.0206	-0.0179	0.0005	0.0086	0.1655	-0.0187	0	0	0	0	0	0	0	0	0	0	0	0	36.7095	37.8532	5361.7529	0.2375	0	0.8608	-0.29	-234.9044	0.0988	-0.1286	3.5394
0.7939	0.1704	-234.6508	0.0729	-0.1692	3.5597	1.9306	-0.5912	-2.1777	-5.698	-0.8469	8.1452	1.9492	-0.6126	-2.172	-5.6944	-0.6802	8.1209	0.0186	-0.0214	0.0057	0.0036	0.1666	-0.0243	0	0	0	0	0	0	0	0	0	0	0	0	36.71	37.854	5361.8132	0.2381	0	0.7939	0.1704	-234.6508	0.0729	-0.1692	3.5597
0.3302	0.3614	-235.1335	0.0729	-0.1783	3.5626	1.9317	-0.5968	-2.1793	-5.698	-0.837	8.1483	1.9513	-0.6129	-2.1708	-5.6928	-0.6787	8.1288	0.0197	-0.0161	0.0084	0.0052	0.1583	-0.0195	0	0	0	0	0	0	0	0	0	0	0	0	36.7091	37.8545	5361.782	0.2388	0	0.3302	0.3614	-235.1335	0.0729	-0.1783	3.5626
0.4573	0.1132	-234.7155	0.0812	-0.1508	3.5588	1.927	-0.598	-2.1739	-5.702	-0.8367	8.151	1.9534	-0.6133	-2.1697	-5.6912	-0.6771	8.1365	0.0264	-0.0153	0.0042	0.0107	0.1596	-0.0144	0	0	0	0	0	0	0	0	0	0	0	0	36.7095	37.8557	5361.8633	0.2395	0	0.4573	0.1132	-234.7155	0.0812	-0.1508	3.5588
0.6839	0.3527	-234.571	0.1088	-0.1958	3.5668	1.9334	-0.5947	-2.1723	-5.6943	-0.8375	8.1572	1.9555	-0.6136	-2.1686	-5.6897	-0.6756	8.1442	0.0221	-0.0188	0.0037	0.0046	0.1619	-0.0129	0	0	0	0	0	0	0	0	0	0	0	0	36.7096	37.8568	5361.9311	0.2401	0	0.6839	0.3527	-234.571	0.1088	-0.1958	3.5668
0.9424	0.746	-236.4588	0.133	-0.1772	3.583	1.9404	-0.5939	-2.1727	-5.6783	-0.8261	8.1646	1.9576	-0.6139	-2.1675	-5.6881	-0.674	8.1518	0.0172	-0.02	0.0051	-0.0098	0.152	-0.0128	0	0	0	0	0	0	0	0	0	0	0	0	36.7092	37.8567	5361.8602	0.2408	0	0.9424	0.746	-236.4588	0.133	-0.1772	3.583
0.8768	0.8915	-236.7198	0.1212	-0.1531	3.5862	1.9444	-0.5945	-2.1757	-5.6948	-0.8315	8.1815	1.9596	-0.6142	-2.1665	-5.6866	-0.6725	8.1593	0.0152	-0.0197	0.0093	0.0082	0.159	-0.0222	0	0	0	0	0	0	0	0	0	0	0	0	36.7094	37.8573	5361.9104	0.2414	0	0.8768	0.8915	-236.7198	0.1212	-0.1531	3.5862
0.3761	0.6834	-235.87	0.1076	-0.2042	3.6027	1.9439	-0.5997	-2.1728	-5.6897	-0.8271	8.1858	1.9616	-0.6145	-2.1654	-5.685	-0.671	8.1667	0.0177	-0.0148	0.0074	0.0046	0.1561	-0.0191	0	0	0	0	0	0	0	0	0	0	0	0	36.7093	37.8575	5361.8809	0.2421	0	0.3761	0.6834	-235.87	0.1076	-0.2042	3.6027
0.456	0.5662	-235.8306	0.096	-0.1556	3.5833	1.9438	-0.6018	-2.1699	-5.6816	-0.8189	8.1848	1.9636	-0.6148	-2.1643	-5.6835	-0.6694	8.1741	0.0199	-0.013	0.0056	-0.0019	0.1494	-0.0107	0	0	0	0	0	0	0	0	0	0	0	0	36.7086	37.8558	5361.9671	0.2428	0	0.456	0.5662	-235.8306	0.096	-0.1556	3.5833
0.8021	0.5822	-235.8464	0.1005	-0.1253	3.5987	1.9478	-0.6007	-2.1669	-5.6723	-0.8217	8.1988	1.9656	-0.6151	-2.1633	-5.682	-0.6679	8.1813	0.0178	-0.0144	0.0036	-0.0097	0.1537	-0.0176	0	0	0	0	0	0	0	0	0	0	0	0	36.7091	37.8554	5361.9709	0.2434	0	0.8021	0.5822	-235.8464	0.1005	-0.1253	3.5987
0.5956	0.8996	-237.6003	0.1285	-0.1383	3.6162	1.9521	-0.5971	-2.1685	-5.6701	-0.8178	8.2111	1.9676	-0.6154	-2.1622	-5.6805	-0.6664	8.1884	0.0154	-0.0183	0.0063	-0.0104	0.1514	-0.0227	0	0	0	0	0	0	0	0	0	0	0	0	36.7098	37.8558	5362.012	0.2441	0	0.5956	0.8996	-237.6003	0.1285	-0.1383	3.6162
0.0648	0.8782	-236.1643	0.1252	-0.2117	3.6349	1.9497	-0.5974	-2.1673	-5.6608	-0.8135	8.216	1.9695	-0.6157	-2.1612	-5.6791	-0.6649	8.1955	0.0198	-0.0183	0.0061	-0.0183	0.1486	-0.0205	0	0	0	0	0	0	0	0	0	0	0	0	36.7093	37.8561	5362.0748	0.2447	0	0.0648	0.8782	-236.1643	0.1252	-0.2117	3.6349
0.3393	0.4909	-236.3227	0.1186	-0.1487	3.6145	1.9497	-0.5951	-2.1672	-5.6716	-0.8116	8.2158	1.9714	-0.616	-2.1602	-5.6776	-0.6634	8.2024	0.0218	-0.0209	0.007	-0.0061	0.1481	-0.0134	0	0	0	0	0	0	0	0	0	0	0	0	36.7099	37.8559	5362.2111	0.2454	0	0.3393	0.4909	-236.3227	0.1186	-0.1487	3.6145
0.2913	0.4773	-235.0665	0.0727	-0.1885	3.6245	1.9592	-0.5997	-2.1637	-5.6723	-0.8087	8.2236	1.9733	-0.6163	-2.1592	-5.6762	-0.662	8.2093	0.0142	-0.0166	0.0045	-0.0039	0.1467	-0.0144	0	0	0	0	0	0	0	0	0	0	0	0	36.7099	37.8562	5362.2271	0.2461	0	0.2913	0.4773	-235.0665	0.0727	-0.1885	3.6245
0.4448	0.2496	-236.5838	0.1152	-0.1592	3.6161	1.9565	-0.5987	-2.1625	-5.6666	-0.8039	8.2411	1.9752	-0.6166	-2.1582	-5.6747	-0.6605	8.216	0.0187	-0.0179	0.0043	-0.0082	0.1434	-0.025	0	0	0	0	0	0	0	0	0	0	0	0	36.7092	37.8559	5362.1474	0.2467	0	0.4448	0.2496	-236.5838	0.1152	-0.1592	3.6161
0.3597	0.4737	-235.8393	0.0868	-0.1575	3.63	1.959	-0.5982	-2.1583	-5.668	-0.8051	8.248	1.9771	-0.6169	-2.1572	-5.6733	-0.659	8.2227	0.0181	-0.0187	0.0011	-0.0053	0.1461	-0.0253	0	0	0	0	0	0	0	0	0	0	0	0	36.7087	37.8553	5362.0344	0.2474	0	0.3597	0.4737	-235.8393	0.0868	-0.1575	3.63
0.3181	0.1436	-235.6657	0.0891	-0.1498	3.6294	1.9576	-0.6033	-2.1638	-5.673	-0.7994	8.2507	1.979	-0.6172	-2.1562	-5.6719	-0.6576	8.2293	0.0214	-0.0139	0.0075	0.0011	0.1418	-0.0214	0	0	0	0	0	0	0	0	0	0	0	0	36.7084	37.8558	5362.0496	0.248	0	0.3181	0.1436	-235.6657	0.0891	-0.1498	3.6294
-0.0488	0.2863	-234.6001	0.0569	-0.2095	3.6428	1.9594	-0.6026	-2.167	-5.6732	-0.7914	8.2487	1.9808	-0.6175	-2.1553	-5.6706	-0.6561	8.2358	0.0214	-0.0148	0.0117	0.0026	0.1353	-0.0129	0	0	0	0	0	0	0	0	0	0	0	0	36.7095	37.8569	5362.0418	0.2487	0	-0.0488	0.2863	-234.6001	0.0569	-0.2095	3.6428
0.4496	-0.0935	-234.1839	0.0817	-0.1732	3.6194	1.9663	-0.598	-2.1579	-5.6564	-0.7943	8.2516	1.9826	-0.6177	-2.1543	-5.6692	-0.6547	8.2422	0.0163	-0.0197	0.0036	-0.0128	0.1396	-0.0094	0	0	0	0	0	0	0	0	0	0	0	0	36.7105	37.857	5361.8789	0.2494	0	0.4496	-0.0935	-234.1839	0.0817	-0.1732	3.6194
0.6976	-0.1798	-235.2255	0.1054	-0.1201	3.6292	1.9694	-0.5997	-2.1577	-5.6717	-0.7882	8.2616	1.9844	-0.618	-2.1534	-5.6679	-0.6533	8.2485	0.015	-0.0183	0.0044	0.0039	0.1349	-0.0131	0	0	0	0	0	0	0	0	0	0	0	0	36.7113	37.8565	5361.8946	0.25	0	0.6976	-0.1798	-235.2255	0.1054	-0.1201	3.6292
0.7161	-0.2501	-236.5489	0.1099	-0.0973	3.6404	1.9697	-0.6004	-2.1536	-5.6593	-0.7924	8.2738	1.9862	-0.6183	-2.1524	-5.6665	-0.6519	8.2547	0.0164	-0.0179	0.0012	-0.0072	0.1406	-0.0191	0	0	0	0	0	0	0	0	0	0	0	0	36.711	37.8564	5361.8382	0.2507	0	0.7161	-0.2501	-236.5489	0.1099	-0.0973	3.6404
0.1778	-0.2077	-235.1908	0.088	-0.1506	3.6492	1.9725	-0.6041	-2.1554	-5.6554	-0.7886	8.2827	1.9879	-0.6185	-2.1515	-5.6652	-0.6504	8.2609	0.0154	-0.0145	0.0039	-0.0099	0.1382	-0.0218	0	0	0	0	0	0	0	0	0	0	0	0	36.7107	37.856	5361.8243	0.2513	0	0.1778	-0.2077	-235.1908	0.088	-0.1506	3.6492
-0.0971	-0.1871	-234.2627	0.0644	-0.1805	3.6619	1.9728	-0.6021	-2.1566	-5.6631	-0.7866	8.2867	1.9896	-0.6188	-2.1506	-5.6639	-0.649	8.2669	0.0168	-0.0167	0.006	-0.0008	0.1375	-0.0198	0	0	0	0	0	0	0	0	0	0	0	0	36.71	37.8562	5361.8971	0.252	0	-0.0971	-0.1871	-234.2627	0.0644	-0.1805	3.6619
0.0796	0.0909	-235.2451	0.0631	-0.1781	3.6712	1.9744	-0.6039	-2.1535	-5.66	-0.7812	8.2928	1.9914	-0.619	-2.1497	-5.6627	-0.6476	8.2729	0.0169	-0.0151	0.0038	-0.0027	0.1336	-0.02	0	0	0	0	0	0	0	0	0	0	0	0	36.7099	37.8561	5361.9707	0.2527	0	0.0796	0.0909	-235.2451	0.0631	-0.1781	3.6712
0.2721	0.194	-236.2517	0.0758	-0.1411	3.6573	1.9784	-0.6038	-2.1544	-5.6592	-0.7753	8.3006	1.9931	-0.6193	-2.1488	-5.6614	-0.6463	8.2787	0.0147	-0.0155	0.0055	-0.0022	0.129	-0.0219	0	0	0	0	0	0	0	0	0	0	0	0	36.7089	37.857	5361.9256	0.2533	0	0.2721	0.194	-236.2517	0.0758	-0.1411	3.6573
0.1888	0.1231	-236.0719	0.0702	-0.1483	3.6576	1.974	-0.5976	-2.1538	-5.6502	-0.7746	8.2987	1.9947	-0.6195	-2.1479	-5.6602	-0.6449	8.2845	0.0207	-0.0219	0.0059	-0.0099	0.1298	-0.0142	0	0	0	0	0	0	0	0	0	0	0	0	36.7083	37.8579	5362.0197	0.254	0	0.1888	0.1231	-236.0719	0.0702	-0.1483	3.6576
0.4951	-0.3703	-236.0944	0.0835	-0.1257	3.6534	1.9784	-0.6061	-2.1522	-5.6609	-0.7728	8.3113	1.9964	-0.6198	-2.1471	-5.6589	-0.6435	8.2902	0.018	-0.0137	0.0051	0.0019	0.1292	-0.0211	0	0	0	0	0	0	0	0	0	0	0	0	36.7085	37.8579	5362.1491	0.2546	0	0.4951	-0.3703	-236.0944	0.0835	-0.1257	3.6534
0.2182	-0.3761	-235.839	0.0593	-0.137	3.6649	1.9815	-0.6077	-2.1517	-5.6503	-0.7715	8.3149	1.998	-0.62	-2.1462	-5.6577	-0.6422	8.2958	0.0165	-0.0123	0.0055	-0.0075	0.1293	-0.0191	0	0	0	0	0	0	0	0	0	0	0	0	36.7083	37.8583	5362.0361	0.2553	0	0.2182	-0.3761	-235.839	0.0593	-0.137	3.6649
0.0218	-0.1722	-234.8454	0.0226	-0.1606	3.6669	1.978	-0.6105	-2.1533	-5.6524	-0.7697	8.319	1.9996	-0.6203	-2.1454	-5.6565	-0.6408	8.3013	0.0217	-0.0097	0.008	-0.0041	0.1289	-0.0177	0	0	0	0	0	0	0	0	0	0	0	0	36.708	37.8578	5362.0471	0.256	0	0.0218	-0.1722	-234.8454	0.0226	-0.1606	3.6669
0.3858	-0.4591	-233.7688	0.0587	-0.1395	3.655	1.9871	-0.6071	-2.1486	-5.6596	-0.7697	8.3311	2.0012	-0.6205	-2.1445	-5.6554	-0.6395	8.3067	0.0142	-0.0134	0.004	0.0043	0.1303	-0.0244	0	0	0	0	0	0	0	0	0	0	0	0	36.7085	37.8597	5361.9267	0.2566	0	0.3858	-0.4591	-233.7688	0.0587	-0.1395	3.655
0.405	-0.128	-235.0259	0.0843	-0.1183	3.6571	1.9895	-0.5987	-2.1472	-5.6605	-0.7618	8.3342	2.0028	-0.6207	-2.1437	-5.6542	-0.6381	8.312	0.0134	-0.022	0.0035	0.0063	0.1236	-0.0222	0	0	0	0	0	0	0	0	0	0	0	0	36.7082	37.8578	5361.8145	0.2573	0	0.405	-0.128	-235.0259	0.0843	-0.1183	3.6571
0.265	-0.0958	-235.0355	0.0957	-0.1265	3.6616	1.9919	-0.6048	-2.1472	-5.6487	-0.7602	8.3407	2.0044	-0.6209	-2.1429	-5.6531	-0.6368	8.3172	0.0125	-0.0162	0.0043	-0.0044	0.1233	-0.0235	0	0	0	0	0	0	0	0	0	0	0	0	36.7084	37.8572	5361.7305	0.2579	0	0.265	-0.0958	-235.0355	0.0957	-0.1265	3.6616
0.1964	0.0253	-236.0666	0.1101	-0.117	3.6637	1.991	-0.6053	-2.1459	-5.659	-0.7602	8.3415	2.0059	-0.6211	-2.1421	-5.6519	-0.6355	8.3224	0.0149	-0.0158	0.0038	0.007	0.1247	-0.0191	0	0	0	0	0	0	0	0	0	0	0	0	36.7088	37.8565	5361.8427	0.2586	0	0.1964	0.0253	-236.0666	0.1101	-0.117	3.6637
0.073	0.0395	-235.8273	0.1085	-0.1378	3.6726	1.9929	-0.6097	-2.1468	-5.6433	-0.7555	8.3397	2.0074	-0.6213	-2.1413	-5.6508	-0.6342	8.3274	0.0145	-0.0117	0.0055	-0.0075	0.1213	-0.0123	0	0	0	0	0	0	0	0	0	0	0	0	36.7087	37.8573	5361.8661	0.2593	0	0.073	0.0395	-235.8273	0.1085	-0.1378	3.6726
0.306	0.4224	-235.519	0.0758	-0.1146	3.6811	1.9984	-0.6109	-2.1448	-5.642	-0.751	8.35	2.0089	-0.6216	-2.1405	-5.6498	-0.6329	8.3324	0.0105	-0.0107	0.0043	-0.0078	0.1181	-0.0176	0	0	0	0	0	0	0	0	0	0	0	0	36.7091	37.8564	5362.0154	0.2599	0	0.306	0.4224	-235.519	0.0758	-0.1146	3.6811
0.0759	0.6618	-236.3335	0.1053	-0.1355	3.689	1.9961	-0.6058	-2.1436	-5.6514	-0.7497	8.3601	2.0104	-0.6218	-2.1398	-5.6487	-0.6316	8.3373	0.0143	-0.016	0.0038	0.0027	0.1181	-0.0228	0	0	0	0	0	0	0	0	0	0	0	0	36.7105	37.8569	5361.9009	0.2606	0	0.0759	0.6618	-236.3335	0.1053	-0.1355	3.689
0.1001	0.5936	-237.8961	0.1348	-0.0793	3.6808	1.9986	-0.6054	-2.145	-5.636	-0.7519	8.367	2.0119	-0.6219	-2.139	-5.6476	-0.6304	8.342	0.0132	-0.0166	0.006	-0.0117	0.1215	-0.025	0	0	0	0	0	0	0	0	0	0	0	0	36.7088	37.8561	5361.9304	0.2612	0	0.1001	0.5936	-237.8961	0.1348	-0.0793	3.6808
-0.0523	0.5416	-236.5356	0.0946	-0.1028	3.686	2.0005	-0.6071	-2.1428	-5.6538	-0.7424	8.3707	2.0133	-0.6221	-2.1383	-5.6466	-0.6291	8.3467	0.0128	-0.015	0.0045	0.0072	0.1133	-0.024	0	0	0	0	0	0	0	0	0	0	0	0	36.7078	37.8558	5361.9094	0.2619	0	-0.0523	0.5416	-236.5356	0.0946	-0.1028	3.686
0.084	0.3338	-237.2751	0.1067	-0.0785	3.684	1.996	-0.6096	-2.1463	-5.6483	-0.7426	8.3707	2.0147	-0.6223	-2.1376	-5.6456	-0.6279	8.3513	0.0188	-0.0128	0.0087	0.0027	0.1147	-0.0194	0	0	0	0	0	0	0	0	0	0	0	0	36.7077	37.8551	5361.8867	0.2626	0	0.084	0.3338	-237.2751	0.1067	-0.0785	3.684
-0.2596	0.165	-236.0839	0.1053	-0.1121	3.6799	1.9943	-0.6054	-2.1446	-5.6389	-0.7361	8.372	2.0162	-0.6225	-2.1368	-5.6446	-0.6266	8.3559	0.0219	-0.0171	0.0078	-0.0057	0.1094	-0.0161	0	0	0	0	0	0	0	0	0	0	0	0	36.7083	37.8553	5361.9269	0.2632	0	-0.2596	0.165	-236.0839	0.1053	-0.1121	3.6799
0.2075	-0.1035	-235.9349	0.1181	-0.0881	3.6707	2.0039	-0.605	-2.1422	-5.6424	-0.7377	8.379	2.0175	-0.6227	-2.1361	-5.6436	-0.6254	8.3603	0.0136	-0.0177	0.0061	-0.0012	0.1123	-0.0187	0	0	0	0	0	0	0	0	0	0	0	0	36.7081	37.8555	5361.929	0.2639	0	0.2075	-0.1035	-235.9349	0.1181	-0.0881	3.6707
0.4075	-0.1509	-235.4025	0.0763	-0.066	3.6744	2.0042	-0.6102	-2.1385	-5.6422	-0.7357	8.3754	2.0189	-0.6228	-2.1354	-5.6427	-0.6242	8.3646	0.0147	-0.0127	0.0031	-0.0005	0.1115	-0.0108	0	0	0	0	0	0	0	0	0	0	0	0	36.7076	37.8566	5361.951	0.2645	0	0.4075	-0.1509	-235.4025	0.0763	-0.066	3.6744
0.0296	-0.0322	-234.5221	0.0526	-0.1133	3.688	2.0075	-0.6089	-2.1399	-5.6433	-0.728	8.3868	2.0202	-0.623	-2.1347	-5.6417	-0.623	8.3689	0.0127	-0.0141	0.0052	0.0016	0.105	-0.0179	0	0	0	0	0	0	0	0	0	0	0	0	36.7086	37.8563	5362.086	0.2652	0	0.0296	-0.0322	-234.5221	0.0526	-0.1133	3.688
-0.0625	-0.1397	-235.3945	0.095	-0.08	3.6832	2.0062	-0.6149	-2.1398	-5.6413	-0.7295	8.3928	2.0216	-0.6232	-2.1341	-5.6408	-0.6218	8.373	0.0153	-0.0083	0.0057	0.0005	0.1077	-0.0198	0	0	0	0	0	0	0	0	0	0	0	0	36.7084	37.8564	5362.0437	0.2659	0	-0.0625	-0.1397	-235.3945	0.095	-0.08	3.6832
-0.0704	0.1135	-234.8589	0.0824	-0.0796	3.6853	2.0043	-0.6092	-2.142	-5.6388	-0.7296	8.3888	2.0229	-0.6233	-2.1334	-5.6399	-0.6206	8.3771	0.0185	-0.0141	0.0086	-0.0011	0.1089	-0.0117	0	0	0	0	0	0	0	0	0	0	0	0	36.7074	37.8566	5361.99	0.2665	0	-0.0704	0.1135	-234.8589	0.0824	-0.0796	3.6853
-0.0514	-0.2506	-234.0166	0.0806	-0.0946	3.6833	2.0088	-0.6096	-2.1411	-5.6392	-0.725	8.3937	2.0241	-0.6235	-2.1328	-5.639	-0.6195	8.3811	0.0153	-0.0139	0.0083	0.0002	0.1056	-0.0126	0	0	0	0	0	0	0	0	0	0	0	0	36.7071	37.8571	5362.0428	0.2672	0	-0.0514	-0.2506	-234.0166	0.0806	-0.0946	3.6833
-0.2906	-0.2653	-233.2176	0.0343	-0.1388	3.6887	2.0151	-0.6117	-2.1363	-5.6359	-0.7244	8.4037	2.0254	-0.6236	-2.1321	-5.6381	-0.6183	8.385	0.0103	-0.0119	0.0041	-0.0023	0.1062	-0.0187	0	0	0	0	0	0	0	0	0	0	0	0	36.7085	37.8588	5361.968	0.2678	0	-0.2906	-0.2653	-233.2176	0.0343	-0.1388	3.6887
-0.1514	-0.5013	-233.5938	0.0693	-0.0655	3.6805	2.0094	-0.6034	-2.1367	-5.6315	-0.725	8.4001	2.0266	-0.6237	-2.1315	-5.6373	-0.6172	8.3888	0.0172	-0.0203	0.0052	-0.0057	0.1078	-0.0113	0	0	0	0	0	0	0	0	0	0	0	0	36.709	37.8589	5361.9839	0.2685	0	-0.1514	-0.5013	-233.5938	0.0693	-0.0655	3.6805
-0.2331	-0.7279	-233.3005	0.0377	-0.0917	3.686	2.0138	-0.6135	-2.1346	-5.6269	-0.7263	8.4178	2.0279	-0.6239	-2.1309	-5.6364	-0.616	8.3925	0.0141	-0.0103	0.0037	-0.0096	0.1103	-0.0253	0	0	0	0	0	0	0	0	0	0	0	0	36.71	37.8578	5361.8832	0.2692	0	-0.2331	-0.7279	-233.3005	0.0377	-0.0917	3.686
-0.5721	-0.592	-233.2059	0.0301	-0.1011	3.6983	2.0141	-0.6106	-2.1394	-5.6334	-0.7195	8.4176	2.0291	-0.624	-2.1303	-5.6356	-0.6149	8.3961	0.0149	-0.0134	0.0091	-0.0022	0.1046	-0.0214	0	0	0	0	0	0	0	0	0	0	0	0	36.7093	37.8577	5361.713	0.2698	0	-0.5721	-0.592	-233.2059	0.0301	-0.1011	3.6983
-0.4624	-0.9396	-233.7213	0.053	-0.0788	3.6835	2.0139	-0.6094	-2.1362	-5.6382	-0.7211	8.4171	2.0302	-0.6241	-2.1297	-5.6348	-0.6138	8.3997	0.0164	-0.0148	0.0065	0.0034	0.1073	-0.0174	0	0	0	0	0	0	0	0	0	0	0	0	36.7089	37.8567	5361.645	0.2705	0	-0.4624	-0.9396	-233.7213	0.053	-0.0788	3.6835
-0.0483	-0.8031	-234.291	0.1018	-0.0319	3.6758	2.0151	-0.6121	-2.1373	-5.6387	-0.7121	8.4182	2.0314	-0.6242	-2.1291	-5.634	-0.6127	8.4031	0.0163	-0.0122	0.0082	0.0046	0.0994	-0.0151	0	0	0	0	0	0	0	0	0	0	0	0	36.7083	37.8568	5361.7303	0.2711	0	-0.0483	-0.8031	-234.291	0.1018	-0.0319	3.6758
-0.2753	-0.325	-233.0731	0.0316	-0.0824	3.6866	2.0192	-0.6162	-2.133	-5.6245	-0.7112	8.4243	2.0325	-0.6243	-2.1286	-5.6333	-0.6116	8.4065	0.0133	-0.0082	0.0045	-0.0088	0.0996	-0.0178	0	0	0	0	0	0	0	0	0	0	0	0	36.7086	37.8575	5361.7593	0.2718	0	-0.2753	-0.325	-233.0731	0.0316	-0.0824	3.6866
-0.3533	0.0779	-233.1052	0.0478	-0.0876	3.6973	2.0233	-0.6086	-2.1312	-5.6263	-0.7139	8.4336	2.0336	-0.6244	-2.128	-5.6325	-0.6105	8.4098	0.0104	-0.0158	0.0032	-0.0063	0.1033	-0.0239	0	0	0	0	0	0	0	0	0	0	0	0	36.7084	37.8577	5361.7225	0.2725	0	-0.3533	0.0779	-233.1052	0.0478	-0.0876	3.6973
-0.5385	0.1948	-233.7418	0.0674	-0.1053	3.7126	2.0131	-0.6081	-2.1314	-5.6335	-0.714	8.4248	2.0347	-0.6245	-2.1275	-5.6318	-0.6095	8.413	0.0217	-0.0165	0.0039	0.0017	0.1046	-0.0119	0	0	0	0	0	0	0	0	0	0	0	0	36.7091	37.8579	5361.8412	0.2731	0	-0.5385	0.1948	-233.7418	0.0674	-0.1053	3.7126
-0.3078	-0.417	-232.9062	0.041	-0.1081	3.7003	2.021	-0.6138	-2.134	-5.6244	-0.7103	8.4407	2.0358	-0.6246	-2.1269	-5.6311	-0.6084	8.4161	0.0148	-0.0108	0.007	-0.0067	0.1019	-0.0246	0	0	0	0	0	0	0	0	0	0	0	0	36.7093	37.8584	5361.7298	0.2738	0	-0.3078	-0.417	-232.9062	0.041	-0.1081	3.7003
-0.3165	-0.5211	-233.2072	0.0662	-0.0792	3.6874	2.0181	-0.6103	-2.1281	-5.6221	-0.71	8.4334	2.0369	-0.6247	-2.1264	-5.6304	-0.6074	8.4191	0.0188	-0.0144	0.0017	-0.0084	0.1026	-0.0143	0	0	0	0	0	0	0	0	0	0	0	0	36.7099	37.8577	5361.7857	0.2744	0	-0.3165	-0.5211	-233.2072	0.0662	-0.0792	3.6874
-0.43	-0.5508	-233.1916	0.0524	-0.1205	3.706	2.0223	-0.6133	-2.1302	-5.6191	-0.7103	8.4394	2.0379	-0.6248	-2.1259	-5.6298	-0.6064	8.422	0.0156	-0.0115	0.0043	-0.0106	0.1039	-0.0173	0	0	0	0	0	0	0	0	0	0	0	0	36.7102	37.8579	5361.904	0.2751	0	-0.43	-0.5508	-233.1916	0.0524	-0.1205	3.706
-0.5188	-0.2837	-232.0511	0.0119	-0.1456	3.7098	2.0249	-0.6141	-2.1309	-5.6226	-0.7029	8.4411	2.0389	-0.6249	-2.1254	-5.6291	-0.6054	8.4249	0.014	-0.0107	0.0055	-0.0066	0.0976	-0.0162	0	0	0	0	0	0	0	0	0	0	0	0	36.7103	37.8586	5361.8806	0.2758	0	-0.5188	-0.2837	-232.0511	0.0119	-0.1456	3.7098
-0.2861	-0.6487	-233.7377	0.0689	-0.052	3.6846	2.0284	-0.6161	-2.1301	-5.6276	-0.7006	8.4442	2.0399	-0.6249	-2.1249	-5.6285	-0.6044	8.4276	0.0115	-0.0088	0.0052	-0.0009	0.0963	-0.0165	0	0	0	0	0	0	0	0	0	0	0	0	36.7092	37.8585	5361.9035	0.2764	0	-0.2861	-0.6487	-233.7377	0.0689	-0.052	3.6846
-0.7577	-0.1986	-232.4521	0.023	-0.1187	3.705	2.0226	-0.615	-2.1331	-5.6075	-0.702	8.4501	2.0409	-0.625	-2.1245	-5.6279	-0.6034	8.4303	0.0183	-0.01	0.0086	-0.0204	0.0986	-0.0198	0	0	0	0	0	0	0	0	0	0	0	0	36.7091	37.8572	5361.9562	0.2771	0	-0.7577	-0.1986	-232.4521	0.023	-0.1187	3.705
-0.6477	-0.4156	-232.9161	0.0634	-0.0546	3.6914	2.0244	-0.6101	-2.1283	-5.6224	-0.6978	8.4463	2.0419	-0.625	-2.124	-5.6273	-0.6024	8.4329	0.0175	-0.0149	0.0043	-0.0048	0.0954	-0.0134	0	0	0	0	0	0	0	0	0	0	0	0	36.7092	37.8569	5361.9897	0.2777	0	-0.6477	-0.4156	-232.9161	0.0634	-0.0546	3.6914
-0.462	-0.818	-233.1505	0.0516	-0.051	3.6774	2.0304	-0.6138	-2.126	-5.6278	-0.6934	8.4531	2.0428	-0.6251	-2.1236	-5.6267	-0.6015	8.4354	0.0124	-0.0112	0.0024	0.0011	0.0919	-0.0177	0	0	0	0	0	0	0	0	0	0	0	0	36.7096	37.8565	5361.963	0.2784	0	-0.462	-0.818	-233.1505	0.0516	-0.051	3.6774
-0.6653	-0.7428	-232.8064	0.0436	-0.1078	3.7058	2.0287	-0.6177	-2.1269	-5.6329	-0.6947	8.4597	2.0437	-0.6251	-2.1231	-5.6262	-0.6005	8.4378	0.015	-0.0074	0.0038	0.0067	0.0942	-0.0219	0	0	0	0	0	0	0	0	0	0	0	0	36.7101	37.8573	5361.9426	0.2791	0	-0.6653	-0.7428	-232.8064	0.0436	-0.1078	3.7058
-0.3419	-0.6433	-233.4856	0.0532	-0.031	3.693	2.0325	-0.6167	-2.1281	-5.631	-0.6899	8.4627	2.0446	-0.6251	-2.1227	-5.6256	-0.5996	8.4401	0.0121	-0.0085	0.0054	0.0054	0.0903	-0.0226	0	0	0	0	0	0	0	0	0	0	0	0	36.7107	37.8568	5362.0781	0.2797	0	-0.3419	-0.6433	-233.4856	0.0532	-0.031	3.693
-0.4728	-0.457	-233.1347	0.0564	-0.0482	3.6944	2.0307	-0.6082	-2.1255	-5.6197	-0.6873	8.4575	2.0455	-0.6252	-2.1223	-5.6251	-0.5987	8.4423	0.0147	-0.017	0.0032	-0.0054	0.0886	-0.0152	0	0	0	0	0	0	0	0	0	0	0	0	36.7104	37.8568	5362.0859	0.2804	0	-0.4728	-0.457	-233.1347	0.0564	-0.0482	3.6944
-0.4413	-0.5568	-233.3165	0.049	-0.0643	3.6844	2.0317	-0.6149	-2.1237	-5.6366	-0.6801	8.4597	2.0463	-0.6252	-2.1219	-5.6246	-0.5978	8.4445	0.0146	-0.0103	0.0018	0.012	0.0824	-0.0152	0	0	0	0	0	0	0	0	0	0	0	0	36.7107	37.8575	5362.083	0.281	0	-0.4413	-0.5568	-233.3165	0.049	-0.0643	3.6844
-0.3476	-0.575	-233.4325	0.0736	-0.0454	3.6879	2.0344	-0.6136	-2.1277	-5.6103	-0.6833	8.4638	2.0472	-0.6252	-2.1215	-5.6241	-0.5969	8.4466	0.0127	-0.0116	0.0062	-0.0139	0.0864	-0.0172	0	0	0	0	0	0	0	0	0	0	0	0	36.7117	37.8589	5362.1095	0.2817	0	-0.3476	-0.575	-233.4325	0.0736	-0.0454	3.6879
-0.2844	-0.4257	-232.8552	0.0556	-0.0371	3.6895	2.0337	-0.611	-2.1235	-5.6165	-0.6799	8.4699	2.048	-0.6252	-2.1212	-5.6236	-0.596	8.4485	0.0143	-0.0142	0.0024	-0.0071	0.0839	-0.0214	0	0	0	0	0	0	0	0	0	0	0	0	36.71	37.8584	5362.2192	0.2824	0	-0.2844	-0.4257	-232.8552	0.0556	-0.0371	3.6895
-0.4017	-0.5187	-233.0517	0.0388	-0.0503	3.6982	2.0305	-0.6071	-2.1238	-5.6102	-0.6807	8.4636	2.0488	-0.6252	-2.1208	-5.6232	-0.5951	8.4504	0.0183	-0.0181	0.003	-0.013	0.0856	-0.0132	0	0	0	0	0	0	0	0	0	0	0	0	36.7098	37.8583	5362.1061	0.283	0	-0.4017	-0.5187	-233.0517	0.0388	-0.0503	3.6982
-0.0822	-1.0843	-233.0584	0.0509	-0.0111	3.6798	2.0383	-0.6157	-2.1269	-5.6089	-0.6727	8.464	2.0495	-0.6252	-2.1204	-5.6228	-0.5943	8.4522	0.0112	-0.0095	0.0064	-0.0139	0.0784	-0.0117	0	0	0	0	0	0	0	0	0	0	0	0	36.7102	37.8569	5362.1007	0.2837	0	-0.0822	-1.0843	-233.0584	0.0509	-0.0111	3.6798
-0.427	-0.9519	-232.1268	0.0183	-0.0774	3.7051	2.0405	-0.616	-2.122	-5.6026	-0.6747	8.4727	2.0503	-0.6252	-2.1201	-5.6224	-0.5935	8.4539	0.0097	-0.0091	0.0019	-0.0198	0.0812	-0.0188	0	0	0	0	0	0	0	0	0	0	0	0	36.7102	37.8564	5362.0971	0.2843	0	-0.427	-0.9519	-232.1268	0.0183	-0.0774	3.7051
-0.5647	-1.1053	-232.1166	0.0238	-0.0496	3.6977	2.0383	-0.6129	-2.1226	-5.6155	-0.673	8.4697	2.051	-0.6252	-2.1198	-5.622	-0.5926	8.4556	0.0127	-0.0123	0.0028	-0.0065	0.0803	-0.0141	0	0	0	0	0	0	0	0	0	0	0	0	36.7104	37.8563	5362.0458	0.285	0	-0.5647	-1.1053	-232.1166	0.0238	-0.0496	3.6977
-0.3342	-1.2597	-232.8576	0.0434	-0.0158	3.6881	2.0413	-0.6189	-2.1231	-5.6149	-0.672	8.4734	2.0517	-0.6251	-2.1195	-5.6216	-0.5918	8.4571	0.0104	-0.0062	0.0037	-0.0067	0.0801	-0.0163	0	0	0	0	0	0	0	0	0	0	0	0	36.7107	37.8568	5362.0591	0.2857	0	-0.3342	-1.2597	-232.8576	0.0434	-0.0158	3.6881
-0.6358	-0.8426	-232.948	0.0472	-0.0682	3.7009	2.039	-0.6146	-2.1239	-5.6205	-0.6666	8.4725	2.0524	-0.6251	-2.1192	-5.6212	-0.591	8.4586	0.0134	-0.0105	0.0047	-0.0008	0.0756	-0.0139	0	0	0	0	0	0	0	0	0	0	0	0	36.7114	37.8567	5361.9812	0.2863	0	-0.6358	-0.8426	-232.948	0.0472	-0.0682	3.7009
-0.3017	-0.5155	-233.8282	0.0501	-0.0238	3.6939	2.0391	-0.6099	-2.1238	-5.6216	-0.666	8.4723	2.0531	-0.6251	-2.1189	-5.6209	-0.5902	8.4599	0.014	-0.0152	0.0049	0.0008	0.0757	-0.0124	0	0	0	0	0	0	0	0	0	0	0	0	36.7112	37.8568	5362.0475	0.287	0	-0.3017	-0.5155	-233.8282	0.0501	-0.0238	3.6939
-0.4933	-0.4563	-233.9446	0.077	-0.0754	3.7032	2.0411	-0.6141	-2.1236	-5.6163	-0.6628	8.4767	2.0537	-0.625	-2.1186	-5.6205	-0.5895	8.4612	0.0127	-0.0109	0.005	-0.0043	0.0733	-0.0154	0	0	0	0	0	0	0	0	0	0	0	0	36.7114	37.8576	5361.9419	0.2876	0	-0.4933	-0.4563	-233.9446	0.077	-0.0754	3.7032
-0.5412	-0.264	-233.7446	0.0419	-0.0742	3.7085	2.0438	-0.6153	-2.1199	-5.6174	-0.6589	8.4872	2.0544	-0.6249	-2.1184	-5.6202	-0.5887	8.4624	0.0106	-0.0096	0.0015	-0.0028	0.0702	-0.0248	0	0	0	0	0	0	0	0	0	0	0	0	36.7116	37.8581	5362.0886	0.2883	0	-0.5412	-0.264	-233.7446	0.0419	-0.0742	3.7085
-0.6107	-0.5494	-233.9855	0.0672	-0.0419	3.7078	2.0433	-0.6133	-2.1218	-5.6242	-0.6537	8.482	2.055	-0.6249	-2.1181	-5.62	-0.588	8.4635	0.0116	-0.0116	0.0037	0.0043	0.0657	-0.0185	0	0	0	0	0	0	0	0	0	0	0	0	36.7113	37.8578	5362.1446	0.289	0	-0.6107	-0.5494	-233.9855	0.0672	-0.0419	3.7078
