Fx	Fy	Fz	Mx	My	Mz	XMm	YMm	ZMm	Xdeg	Ydeg	Zdeg	XWf	YWf	ZWf	XaWf	YaWf	ZaWf	XEr	YEr	ZEr	XaEr	YaEr	ZaEr	FxCs	FyCs	FzCs	MxCs	MyCs	MzCs	FxCp	FyCp	FzCp	MxCp	MyCp	MzCp	SrTp	TbTp	HPrs	CntA	CntB	FxSm	FySm	FzSm	MxSm	MySm	MzSm
9.6651	-1.1232	-64.4873	0.3168	0.0354	-0.7944	0.4644	-0.7493	-1.214	-2.5876	1.7066	-3.9629	0.4549	-0.7439	-1.2015	-2.5774	1.9895	-3.9694	-0.0095	0.0054	0.0125	0.0102	0.2829	-0.0065	0	0	0	0	0	0	0	0	0	0	0	0	36.7965	38.0522	5353.1926	0.5866	0	9.6651	-1.1232	-64.4873	0.3168	0.0354	-0.7944
9.4791	-0.9615	-65.2501	0.3296	-0.0072	-0.7974	0.4596	-0.7472	-1.2101	-2.5963	1.7079	-4.0127	0.4532	-0.7438	-1.2008	-2.5799	1.9898	-4.0088	-0.0064	0.0034	0.0094	0.0164	0.2819	0.0039	0	0	0	0	0	0	0	0	0	0	0	0	36.7969	38.0515	5353.126	0.5873	0	9.4791	-0.9615	-65.2501	0.3296	-0.0072	-0.7974
9.9466	-1.0495	-66.001	0.3328	0.0573	-0.8163	0.4546	-0.742	-1.2128	-2.5905	1.7139	-4.049	0.4514	-0.7438	-1.2	-2.5823	1.99	-4.048	-0.0032	-0.0018	0.0128	0.0082	0.2761	0.001	0	0	0	0	0	0	0	0	0	0	0	0	36.7953	38.0517	5353.1785	0.5879	0	9.9466	-1.0495	-66.001	0.3328	0.0573	-0.8163
10.0533	-0.803	-65.4848	0.3009	0.004	-0.8263	0.4582	-0.7423	-1.2114	-2.582	1.71	-4.0897	0.4496	-0.7438	-1.1992	-2.5847	1.9903	-4.0869	-0.0086	-0.0014	0.0122	-0.0027	0.2803	0.0029	0	0	0	0	0	0	0	0	0	0	0	0	36.7952	38.0512	5353.18	0.5886	0	10.0533	-0.803	-65.4848	0.3009	0.004	-0.8263
10.347	-1.0246	-66.4917	0.3236	0.0097	-0.843	0.4562	-0.7493	-1.2093	-2.6011	1.707	-4.127	0.4477	-0.7438	-1.1984	-2.587	1.9905	-4.1253	-0.0085	0.0056	0.0109	0.0141	0.2835	0.0017	0	0	0	0	0	0	0	0	0	0	0	0	36.796	38.051	5353.1759	0.5893	0	10.347	-1.0246	-66.4917	0.3236	0.0097	-0.843
10.323	-0.9425	-67.1921	0.3215	-0.0058	-0.8463	0.4566	-0.7467	-1.2079	-2.5969	1.7122	-4.1691	0.4457	-0.7438	-1.1976	-2.5892	1.9907	-4.1636	-0.0109	0.003	0.0103	0.0076	0.2785	0.0056	0	0	0	0	0	0	0	0	0	0	0	0	36.7966	38.0502	5353.2108	0.5899	0	10.323	-0.9425	-67.1921	0.3215	-0.0058	-0.8463
10.5207	-0.881	-66.5798	0.303	0.0169	-0.8596	0.4498	-0.7461	-1.2081	-2.5904	1.708	-4.2047	0.4437	-0.7438	-1.1968	-2.5914	1.9909	-4.2014	-0.0061	0.0023	0.0113	-0.0011	0.2829	0.0032	0	0	0	0	0	0	0	0	0	0	0	0	36.796	38.049	5353.2028	0.5906	0	10.5207	-0.881	-66.5798	0.303	0.0169	-0.8596
10.6668	-1.0862	-65.9302	0.3075	-0.0082	-0.8667	0.4493	-0.7449	-1.2071	-2.6028	1.7095	-4.2423	0.4415	-0.7438	-1.196	-2.5936	1.9911	-4.2389	-0.0078	0.0011	0.0112	0.0092	0.2816	0.0033	0	0	0	0	0	0	0	0	0	0	0	0	36.7946	38.0486	5353.1707	0.5912	0	10.6668	-1.0862	-65.9302	0.3075	-0.0082	-0.8667
10.8438	-1.0169	-66.2011	0.2835	-0.0028	-0.8804	0.4454	-0.7476	-1.2077	-2.5974	1.7106	-4.2776	0.4394	-0.7438	-1.1951	-2.5957	1.9913	-4.2762	-0.006	0.0038	0.0126	0.0018	0.2807	0.0014	0	0	0	0	0	0	0	0	0	0	0	0	36.7944	38.0497	5353.1491	0.5919	0	10.8438	-1.0169	-66.2011	0.2835	-0.0028	-0.8804
10.9332	-1.2566	-64.9909	0.3065	-0.0047	-0.8902	0.4452	-0.7489	-1.2009	-2.6041	1.7122	-4.3094	0.4371	-0.7438	-1.1943	-2.5977	1.9915	-4.3131	-0.008	0.005	0.0066	0.0064	0.2793	-0.0037	0	0	0	0	0	0	0	0	0	0	0	0	36.7938	38.0501	5353.24	0.5926	0	10.9332	-1.2566	-64.9909	0.3065	-0.0047	-0.8902
11.129	-0.9659	-65.7254	0.2884	-0.0018	-0.8984	0.4365	-0.7445	-1.1988	-2.6089	1.7123	-4.359	0.4348	-0.7439	-1.1934	-2.5997	1.9917	-4.3496	-0.0017	0.0006	0.0054	0.0092	0.2794	0.0094	0	0	0	0	0	0	0	0	0	0	0	0	36.7939	38.0505	5353.3346	0.5932	0	11.129	-0.9659	-65.7254	0.2884	-0.0018	-0.8984
11.3214	-0.9379	-66.6706	0.2785	-0.0076	-0.9177	0.4394	-0.7481	-1.2006	-2.6123	1.716	-4.3938	0.4325	-0.7439	-1.1926	-2.6017	1.9918	-4.3859	-0.007	0.0041	0.008	0.0106	0.2759	0.0079	0	0	0	0	0	0	0	0	0	0	0	0	36.7934	38.0505	5353.2722	0.5939	0	11.3214	-0.9379	-66.6706	0.2785	-0.0076	-0.9177
11.5098	-0.9044	-67.7224	0.315	0.0111	-0.9286	0.4384	-0.7453	-1.1951	-2.5956	1.7149	-4.4234	0.43	-0.744	-1.1917	-2.6036	1.992	-4.4219	-0.0084	0.0013	0.0034	-0.008	0.2771	0.0015	0	0	0	0	0	0	0	0	0	0	0	0	36.7943	38.0511	5353.3091	0.5945	0	11.5098	-0.9044	-67.7224	0.315	0.0111	-0.9286
11.7256	-0.9411	-68.2067	0.3182	0.039	-0.9487	0.4371	-0.7421	-1.1982	-2.6162	1.7129	-4.4549	0.4275	-0.7441	-1.1908	-2.6054	1.9922	-4.4575	-0.0096	-0.0019	0.0074	0.0108	0.2793	-0.0026	0	0	0	0	0	0	0	0	0	0	0	0	36.7941	38.05	5353.3315	0.5952	0	11.7256	-0.9411	-68.2067	0.3182	0.039	-0.9487
11.7917	-1.1125	-67.9631	0.3135	0.0057	-0.9513	0.4307	-0.7447	-1.1958	-2.6045	1.7129	-4.4955	0.425	-0.7441	-1.1899	-2.6072	1.9923	-4.4928	-0.0057	0.0006	0.0058	-0.0027	0.2794	0.0027	0	0	0	0	0	0	0	0	0	0	0	0	36.7949	38.0502	5353.2931	0.5959	0	11.7917	-1.1125	-67.9631	0.3135	0.0057	-0.9513
11.9157	-1.227	-66.2387	0.2936	-0.0317	-0.9528	0.4341	-0.7455	-1.1901	-2.6181	1.7106	-4.528	0.4224	-0.7442	-1.189	-2.6089	1.9925	-4.5278	-0.0117	0.0012	0.0011	0.0092	0.2819	0.0002	0	0	0	0	0	0	0	0	0	0	0	0	36.7955	38.0504	5353.3481	0.5965	0	11.9157	-1.227	-66.2387	0.2936	-0.0317	-0.9528
12.1831	-1.2349	-66.6738	0.2751	-0.0015	-0.9759	0.4233	-0.745	-1.1887	-2.618	1.7135	-4.5747	0.4197	-0.7443	-1.1881	-2.6106	1.9926	-4.5625	-0.0036	0.0007	0.0006	0.0075	0.2791	0.0122	0	0	0	0	0	0	0	0	0	0	0	0	36.7962	38.0495	5353.3927	0.5972	0	12.1831	-1.2349	-66.6738	0.2751	-0.0015	-0.9759
12.2227	-1.1594	-67.6962	0.29	-0.02	-0.9757	0.4205	-0.7472	-1.1901	-2.6042	1.7144	-4.6148	0.417	-0.7444	-1.1872	-2.6122	1.9927	-4.5969	-0.0034	0.0028	0.0029	-0.008	0.2783	0.0179	0	0	0	0	0	0	0	0	0	0	0	0	36.7971	38.0496	5353.4837	0.5978	0	12.2227	-1.1594	-67.6962	0.29	-0.02	-0.9757
12.3504	-1.0704	-67.9734	0.2794	-0.0267	-0.9781	0.4198	-0.7472	-1.1909	-2.6187	1.7131	-4.6437	0.4143	-0.7446	-1.1863	-2.6138	1.9929	-4.631	-0.0055	0.0027	0.0046	0.0049	0.2797	0.0126	0	0	0	0	0	0	0	0	0	0	0	0	36.7963	38.0499	5353.5371	0.5985	0	12.3504	-1.0704	-67.9734	0.2794	-0.0267	-0.9781
12.6401	-1.1631	-68.1782	0.2804	-0.0082	-1.0123	0.4233	-0.7464	-1.1927	-2.6207	1.7119	-4.6653	0.4115	-0.7447	-1.1854	-2.6153	1.993	-4.6648	-0.0119	0.0017	0.0073	0.0054	0.2811	0.0006	0	0	0	0	0	0	0	0	0	0	0	0	36.796	38.051	5353.6028	0.5992	0	12.6401	-1.1631	-68.1782	0.2804	-0.0082	-1.0123
12.5547	-1.0962	-68.1252	0.2897	-0.049	-1.003	0.4127	-0.7444	-1.1904	-2.6322	1.7168	-4.7054	0.4086	-0.7448	-1.1844	-2.6168	1.9931	-4.6982	-0.0041	-0.0005	0.006	0.0154	0.2764	0.0072	0	0	0	0	0	0	0	0	0	0	0	0	36.7963	38.0504	5353.6684	0.5998	0	12.5547	-1.0962	-68.1252	0.2897	-0.049	-1.003
12.6481	-0.9566	-67.5592	0.2704	-0.0894	-1.0021	0.416	-0.7475	-1.1855	-2.6386	1.712	-4.7423	0.4057	-0.745	-1.1835	-2.6182	1.9933	-4.7315	-0.0103	0.0026	0.002	0.0204	0.2813	0.0108	0	0	0	0	0	0	0	0	0	0	0	0	36.7953	38.0505	5353.8299	0.6005	0	12.6481	-0.9566	-67.5592	0.2704	-0.0894	-1.0021
12.8184	-1.1886	-68.395	0.3003	-0.051	-1.0251	0.4134	-0.7514	-1.1831	-2.6287	1.711	-4.7774	0.4028	-0.7451	-1.1825	-2.6196	1.9934	-4.7643	-0.0107	0.0063	0.0006	0.0091	0.2824	0.0131	0	0	0	0	0	0	0	0	0	0	0	0	36.7963	38.0503	5353.8818	0.6011	0	12.8184	-1.1886	-68.395	0.3003	-0.051	-1.0251
12.992	-1.2492	-69.9692	0.3138	0.0008	-1.0484	0.4086	-0.752	-1.1827	-2.6244	1.7138	-4.8138	0.3998	-0.7453	-1.1816	-2.6209	1.9935	-4.7969	-0.0089	0.0067	0.0011	0.0035	0.2797	0.0169	0	0	0	0	0	0	0	0	0	0	0	0	36.7955	38.0502	5353.9555	0.6018	0	12.992	-1.2492	-69.9692	0.3138	0.0008	-1.0484
12.9181	-1.0461	-68.9767	0.2912	-0.0655	-1.0293	0.3964	-0.7502	-1.1851	-2.6412	1.7112	-4.8512	0.3967	-0.7455	-1.1806	-2.6222	1.9936	-4.8293	0.0003	0.0047	0.0044	0.019	0.2824	0.0219	0	0	0	0	0	0	0	0	0	0	0	0	36.7959	38.0504	5354.0415	0.6025	0	12.9181	-1.0461	-68.9767	0.2912	-0.0655	-1.0293
13.3723	-0.7136	-69.2483	0.2769	-0.0543	-1.055	0.4019	-0.7477	-1.1874	-2.6417	1.7101	-4.8718	0.3936	-0.7456	-1.1797	-2.6234	1.9937	-4.8612	-0.0082	0.0021	0.0078	0.0183	0.2836	0.0106	0	0	0	0	0	0	0	0	0	0	0	0	36.7963	38.0513	5353.9032	0.6031	0	13.3723	-0.7136	-69.2483	0.2769	-0.0543	-1.055
13.4075	-0.9138	-70.2413	0.3167	-0.046	-1.0702	0.4017	-0.7465	-1.1831	-2.6281	1.7122	-4.8954	0.3905	-0.7458	-1.1787	-2.6246	1.9938	-4.893	-0.0111	0.0006	0.0044	0.0036	0.2816	0.0024	0	0	0	0	0	0	0	0	0	0	0	0	36.7957	38.0508	5353.9363	0.6038	0	13.4075	-0.9138	-70.2413	0.3167	-0.046	-1.0702
13.6251	-0.975	-70.7642	0.3068	-0.0147	-1.0814	0.3934	-0.7472	-1.1817	-2.6239	1.7156	-4.9357	0.3874	-0.746	-1.1777	-2.6257	1.9939	-4.9245	-0.006	0.0012	0.004	-0.0018	0.2783	0.0112	0	0	0	0	0	0	0	0	0	0	0	0	36.795	38.0513	5354.0457	0.6044	0	13.6251	-0.975	-70.7642	0.3068	-0.0147	-1.0814
13.5628	-1.0111	-70.269	0.2879	-0.058	-1.0742	0.3876	-0.7536	-1.1791	-2.6134	1.7168	-4.9679	0.3842	-0.7462	-1.1767	-2.6268	1.994	-4.9556	-0.0034	0.0074	0.0024	-0.0134	0.2773	0.0124	0	0	0	0	0	0	0	0	0	0	0	0	36.7953	38.052	5354.0728	0.6051	0	13.5628	-1.0111	-70.269	0.2879	-0.058	-1.0742
13.9691	-1.0525	-71.3313	0.2864	0.0111	-1.1105	0.3834	-0.756	-1.1812	-2.6258	1.715	-4.9961	0.3809	-0.7465	-1.1757	-2.6278	1.9941	-4.9865	-0.0025	0.0095	0.0055	-0.002	0.2791	0.0097	0	0	0	0	0	0	0	0	0	0	0	0	36.7948	38.053	5353.9178	0.6058	0	13.9691	-1.0525	-71.3313	0.2864	0.0111	-1.1105
13.8727	-0.8842	-70.3537	0.3017	-0.0871	-1.1	0.3829	-0.748	-1.1751	-2.6337	1.7164	-5.0237	0.3776	-0.7467	-1.1747	-2.6288	1.9942	-5.0171	-0.0053	0.0013	0.0004	0.0049	0.2778	0.0065	0	0	0	0	0	0	0	0	0	0	0	0	36.7947	38.0528	5353.9645	0.6064	0	13.8727	-0.8842	-70.3537	0.3017	-0.0871	-1.1
14.1423	-0.7673	-70.4522	0.2714	-0.0592	-1.1097	0.3781	-0.7429	-1.1747	-2.6342	1.7201	-5.0604	0.3743	-0.7469	-1.1737	-2.6297	1.9943	-5.0474	-0.0037	-0.004	0.001	0.0044	0.2742	0.013	0	0	0	0	0	0	0	0	0	0	0	0	36.7938	38.0531	5353.9663	0.6071	0	14.1423	-0.7673	-70.4522	0.2714	-0.0592	-1.1097
14.414	-0.9997	-70.0573	0.2712	-0.0352	-1.1283	0.3797	-0.7507	-1.1703	-2.6487	1.719	-5.0891	0.371	-0.7472	-1.1727	-2.6306	1.9944	-5.0775	-0.0087	0.0035	-0.0024	0.0181	0.2754	0.0116	0	0	0	0	0	0	0	0	0	0	0	0	36.7937	38.053	5353.9696	0.6077	0	14.414	-0.9997	-70.0573	0.2712	-0.0352	-1.1283
14.5535	-0.9376	-70.8065	0.2684	-0.0173	-1.1332	0.3752	-0.7518	-1.1697	-2.6355	1.7199	-5.1169	0.3676	-0.7475	-1.1717	-2.6315	1.9945	-5.1073	-0.0076	0.0043	-0.002	0.004	0.2746	0.0095	0	0	0	0	0	0	0	0	0	0	0	0	36.7944	38.0536	5354.0496	0.6084	0	14.5535	-0.9376	-70.8065	0.2684	-0.0173	-1.1332
14.3619	-0.7431	-70.86	0.254	-0.0828	-1.1441	0.3655	-0.7509	-1.1721	-2.6364	1.7219	-5.1523	0.3642	-0.7477	-1.1707	-2.6323	1.9945	-5.1368	-0.0013	0.0031	0.0015	0.0041	0.2726	0.0155	0	0	0	0	0	0	0	0	0	0	0	0	36.7943	38.0528	5354.063	0.6091	0	14.3619	-0.7431	-70.86	0.254	-0.0828	-1.1441
14.4717	-0.7919	-71.4768	0.2756	-0.0887	-1.1462	0.3691	-0.7497	-1.1716	-2.6462	1.7196	-5.1819	0.3608	-0.748	-1.1696	-2.633	1.9946	-5.1661	-0.0083	0.0017	0.002	0.0132	0.275	0.0159	0	0	0	0	0	0	0	0	0	0	0	0	36.7943	38.051	5354.1425	0.6097	0	14.4717	-0.7919	-71.4768	0.2756	-0.0887	-1.1462
14.7291	-0.7232	-71.0965	0.2642	-0.0969	-1.1576	0.3666	-0.7497	-1.1685	-2.6513	1.72	-5.2136	0.3573	-0.7483	-1.1686	-2.6337	1.9947	-5.1952	-0.0093	0.0014	-0.0001	0.0175	0.2747	0.0184	0	0	0	0	0	0	0	0	0	0	0	0	36.7946	38.0503	5354.135	0.6104	0	14.7291	-0.7232	-71.0965	0.2642	-0.0969	-1.1576
14.6641	-1.0077	-71.1389	0.2917	-0.0609	-1.1674	0.3624	-0.7518	-1.1638	-2.6443	1.7202	-5.2396	0.3538	-0.7486	-1.1676	-2.6344	1.9948	-5.2239	-0.0086	0.0032	-0.0038	0.0099	0.2746	0.0157	0	0	0	0	0	0	0	0	0	0	0	0	36.7938	38.0502	5354.1884	0.611	0	14.6641	-1.0077	-71.1389	0.2917	-0.0609	-1.1674
14.5929	-0.681	-71.3763	0.2684	-0.074	-1.1668	0.3534	-0.7514	-1.1612	-2.6377	1.7223	-5.2653	0.3503	-0.7489	-1.1665	-2.635	1.9948	-5.2524	-0.0031	0.0024	-0.0053	0.0027	0.2726	0.0129	0	0	0	0	0	0	0	0	0	0	0	0	36.7934	38.0498	5354.131	0.6117	0	14.5929	-0.681	-71.3763	0.2684	-0.074	-1.1668
14.7417	-0.7032	-71.0643	0.2564	-0.1118	-1.1624	0.3469	-0.7515	-1.1636	-2.6463	1.7238	-5.3025	0.3467	-0.7492	-1.1655	-2.6356	1.9949	-5.2807	-0.0002	0.0023	-0.0018	0.0107	0.2711	0.0218	0	0	0	0	0	0	0	0	0	0	0	0	36.7932	38.0487	5354.1111	0.6124	0	14.7417	-0.7032	-71.0643	0.2564	-0.1118	-1.1624
15.0884	-0.7989	-71.075	0.2504	-0.0921	-1.1791	0.3508	-0.7558	-1.1574	-2.6283	1.7253	-5.3186	0.3432	-0.7496	-1.1644	-2.6361	1.995	-5.3087	-0.0077	0.0062	-0.0071	-0.0078	0.2696	0.0099	0	0	0	0	0	0	0	0	0	0	0	0	36.7929	38.0489	5354.0971	0.613	0	15.0884	-0.7989	-71.075	0.2504	-0.0921	-1.1791
14.9618	-0.8331	-71.7217	0.2586	-0.0997	-1.1921	0.3464	-0.7475	-1.1643	-2.6371	1.719	-5.3506	0.3396	-0.7499	-1.1634	-2.6366	1.995	-5.3364	-0.0068	-0.0024	0.0009	0.0006	0.276	0.0142	0	0	0	0	0	0	0	0	0	0	0	0	36.7936	38.0493	5354.0623	0.6137	0	14.9618	-0.8331	-71.7217	0.2586	-0.0997	-1.1921
15.253	-1.0578	-71.7482	0.2761	-0.0837	-1.195	0.3408	-0.7492	-1.1551	-2.6423	1.7212	-5.3764	0.3359	-0.7503	-1.1623	-2.637	1.9951	-5.364	-0.0048	-0.001	-0.0072	0.0053	0.2739	0.0124	0	0	0	0	0	0	0	0	0	0	0	0	36.7952	38.0505	5354.0672	0.6143	0	15.253	-1.0578	-71.7482	0.2761	-0.0837	-1.195
15.262	-0.8904	-70.9255	0.2176	-0.0815	-1.2069	0.3301	-0.7506	-1.1595	-2.6469	1.7232	-5.4114	0.3323	-0.7506	-1.1612	-2.6374	1.9952	-5.3913	0.0022	-0	-0.0017	0.0095	0.272	0.0201	0	0	0	0	0	0	0	0	0	0	0	0	36.7956	38.0504	5354.0334	0.615	0	15.262	-0.8904	-70.9255	0.2176	-0.0815	-1.2069
15.484	-1.1015	-71.4197	0.2582	-0.0815	-1.2161	0.334	-0.7568	-1.1616	-2.6593	1.7276	-5.4347	0.3286	-0.751	-1.1602	-2.6378	1.9952	-5.4183	-0.0053	0.0058	0.0014	0.0215	0.2676	0.0164	0	0	0	0	0	0	0	0	0	0	0	0	36.7956	38.049	5354.2003	0.6157	0	15.484	-1.1015	-71.4197	0.2582	-0.0815	-1.2161
15.5378	-0.8146	-71.4067	0.2429	-0.1143	-1.2142	0.334	-0.7535	-1.1601	-2.6585	1.7235	-5.4568	0.325	-0.7514	-1.1591	-2.6381	1.9953	-5.4452	-0.0091	0.0022	0.001	0.0204	0.2718	0.0116	0	0	0	0	0	0	0	0	0	0	0	0	36.7963	38.0507	5354.0975	0.6163	0	15.5378	-0.8146	-71.4067	0.2429	-0.1143	-1.2142
15.5792	-0.8718	-72.8278	0.279	-0.0894	-1.2291	0.322	-0.7484	-1.1597	-2.6601	1.7257	-5.487	0.3213	-0.7518	-1.158	-2.6384	1.9953	-5.4718	-0.0007	-0.0033	0.0017	0.0217	0.2696	0.0152	0	0	0	0	0	0	0	0	0	0	0	0	36.796	38.0509	5354.0461	0.617	0	15.5792	-0.8718	-72.8278	0.279	-0.0894	-1.2291
15.7453	-0.8494	-72.4602	0.2651	-0.1021	-1.2419	0.3206	-0.751	-1.1563	-2.656	1.7267	-5.5111	0.3175	-0.7522	-1.1569	-2.6386	1.9954	-5.4982	-0.0031	-0.0012	-0.0006	0.0174	0.2687	0.0129	0	0	0	0	0	0	0	0	0	0	0	0	36.7942	38.0511	5354.0001	0.6176	0	15.7453	-0.8494	-72.4602	0.2651	-0.1021	-1.2419
15.8243	-0.7016	-73.032	0.2456	-0.1318	-1.2492	0.3178	-0.7583	-1.1598	-2.6563	1.7309	-5.5419	0.3138	-0.7526	-1.1558	-2.6388	1.9955	-5.5243	-0.004	0.0057	0.004	0.0174	0.2646	0.0176	0	0	0	0	0	0	0	0	0	0	0	0	36.794	38.0502	5353.9141	0.6183	0	15.8243	-0.7016	-73.032	0.2456	-0.1318	-1.2492
16.0105	-0.6774	-73.3419	0.2498	-0.119	-1.2642	0.3135	-0.7618	-1.1627	-2.6466	1.7307	-5.5709	0.3101	-0.753	-1.1547	-2.639	1.9955	-5.5503	-0.0034	0.0088	0.0079	0.0076	0.2648	0.0206	0	0	0	0	0	0	0	0	0	0	0	0	36.7939	38.0501	5353.935	0.619	0	16.0105	-0.6774	-73.3419	0.2498	-0.119	-1.2642
16.0207	-0.4968	-72.9461	0.2553	-0.1448	-1.2605	0.3099	-0.7578	-1.1566	-2.6636	1.7311	-5.5921	0.3063	-0.7534	-1.1536	-2.6391	1.9955	-5.576	-0.0036	0.0044	0.003	0.0245	0.2645	0.0161	0	0	0	0	0	0	0	0	0	0	0	0	36.7947	38.0495	5353.947	0.6196	0	16.0207	-0.4968	-72.9461	0.2553	-0.1448	-1.2605
16.3804	-0.4576	-73.9156	0.27	-0.0828	-1.2867	0.3093	-0.7517	-1.1584	-2.6615	1.732	-5.6181	0.3025	-0.7539	-1.1525	-2.6392	1.9956	-5.6015	-0.0068	-0.0021	0.0059	0.0223	0.2636	0.0166	0	0	0	0	0	0	0	0	0	0	0	0	36.7943	38.0497	5353.9351	0.6203	0	16.3804	-0.4576	-73.9156	0.27	-0.0828	-1.2867
16.1301	-0.4642	-74.4701	0.2502	-0.1107	-1.295	0.3034	-0.7534	-1.1539	-2.6512	1.7299	-5.6344	0.2988	-0.7543	-1.1514	-2.6392	1.9956	-5.6268	-0.0047	-0.0009	0.0025	0.0119	0.2657	0.0076	0	0	0	0	0	0	0	0	0	0	0	0	36.7944	38.0489	5353.9207	0.6209	0	16.1301	-0.4642	-74.4701	0.2502	-0.1107	-1.295
16.144	-0.391	-73.6917	0.242	-0.1436	-1.2889	0.2952	-0.7555	-1.1564	-2.6426	1.7347	-5.6697	0.2949	-0.7548	-1.1503	-2.6392	1.9957	-5.6519	-0.0003	0.0007	0.0061	0.0033	0.261	0.0178	0	0	0	0	0	0	0	0	0	0	0	0	36.7939	38.0479	5353.8517	0.6216	0	16.144	-0.391	-73.6917	0.242	-0.1436	-1.2889
16.3291	-0.504	-73.1628	0.24	-0.1699	-1.2952	0.2909	-0.7582	-1.1524	-2.6437	1.7319	-5.6978	0.2911	-0.7552	-1.1492	-2.6392	1.9957	-5.6768	0.0003	0.003	0.0032	0.0045	0.2638	0.021	0	0	0	0	0	0	0	0	0	0	0	0	36.7934	38.049	5353.8033	0.6223	0	16.3291	-0.504	-73.1628	0.24	-0.1699	-1.2952
16.7407	-0.7434	-75.132	0.2687	-0.0872	-1.325	0.2931	-0.7583	-1.1519	-2.6367	1.731	-5.7162	0.2873	-0.7557	-1.1481	-2.6392	1.9958	-5.7015	-0.0057	0.0026	0.0039	-0.0025	0.2647	0.0147	0	0	0	0	0	0	0	0	0	0	0	0	36.7938	38.0499	5353.7296	0.6229	0	16.7407	-0.7434	-75.132	0.2687	-0.0872	-1.325
16.7448	-0.5393	-74.8307	0.2811	-0.0909	-1.3282	0.2862	-0.7518	-1.1507	-2.6631	1.7324	-5.7344	0.2835	-0.7562	-1.1469	-2.639	1.9958	-5.7259	-0.0027	-0.0044	0.0037	0.0241	0.2635	0.0084	0	0	0	0	0	0	0	0	0	0	0	0	36.7928	38.0503	5353.7897	0.6236	0	16.7448	-0.5393	-74.8307	0.2811	-0.0909	-1.3282
16.6845	-0.4208	-75.1739	0.2437	-0.1266	-1.3387	0.2818	-0.7615	-1.1521	-2.6615	1.7376	-5.7636	0.2796	-0.7567	-1.1458	-2.6389	1.9958	-5.7502	-0.0022	0.0048	0.0063	0.0226	0.2583	0.0134	0	0	0	0	0	0	0	0	0	0	0	0	36.7923	38.0496	5353.7599	0.6242	0	16.6845	-0.4208	-75.1739	0.2437	-0.1266	-1.3387
16.7759	-0.4149	-75.7631	0.2716	-0.1448	-1.3384	0.279	-0.7627	-1.1524	-2.6729	1.7367	-5.793	0.2758	-0.7572	-1.1447	-2.6388	1.9959	-5.7744	-0.0032	0.0055	0.0077	0.0342	0.2591	0.0186	0	0	0	0	0	0	0	0	0	0	0	0	36.7921	38.0488	5353.7322	0.6249	0	16.7759	-0.4149	-75.7631	0.2716	-0.1448	-1.3384
16.9813	-0.3386	-76.0125	0.2633	-0.1024	-1.3563	0.2703	-0.7591	-1.1524	-2.6595	1.739	-5.8153	0.2719	-0.7577	-1.1436	-2.6385	1.9959	-5.7982	0.0016	0.0014	0.0089	0.0209	0.2569	0.0171	0	0	0	0	0	0	0	0	0	0	0	0	36.7922	38.0496	5353.6907	0.6256	0	16.9813	-0.3386	-76.0125	0.2633	-0.1024	-1.3563
17.123	-0.3606	-75.4521	0.2525	-0.102	-1.3636	0.2681	-0.7554	-1.1448	-2.6527	1.7366	-5.839	0.2681	-0.7582	-1.1424	-2.6383	1.9959	-5.8219	-0.0001	-0.0028	0.0023	0.0144	0.2594	0.0171	0	0	0	0	0	0	0	0	0	0	0	0	36.7932	38.0502	5353.6927	0.6262	0	17.123	-0.3606	-75.4521	0.2525	-0.102	-1.3636
17.4309	-0.5727	-74.9177	0.259	-0.1035	-1.3643	0.2672	-0.7586	-1.1459	-2.6547	1.7406	-5.8686	0.2642	-0.7587	-1.1413	-2.6381	1.996	-5.8455	-0.0029	-0.0002	0.0046	0.0167	0.2553	0.0231	0	0	0	0	0	0	0	0	0	0	0	0	36.7935	38.0514	5353.7244	0.6269	0	17.4309	-0.5727	-74.9177	0.259	-0.1035	-1.3643
17.4471	-0.4993	-75.857	0.272	-0.106	-1.3787	0.2697	-0.7574	-1.1418	-2.6554	1.7383	-5.8907	0.2604	-0.7593	-1.1401	-2.6378	1.996	-5.8688	-0.0093	-0.0019	0.0016	0.0176	0.2577	0.0219	0	0	0	0	0	0	0	0	0	0	0	0	36.794	38.051	5353.7801	0.6275	0	17.4471	-0.4993	-75.857	0.272	-0.106	-1.3787
17.2708	-0.4578	-75.6696	0.2591	-0.1198	-1.3784	0.263	-0.7617	-1.1441	-2.6502	1.737	-5.9097	0.2565	-0.7598	-1.139	-2.6374	1.996	-5.892	-0.0065	0.0019	0.0051	0.0128	0.2591	0.0177	0	0	0	0	0	0	0	0	0	0	0	0	36.794	38.0511	5353.7905	0.6282	0	17.2708	-0.4578	-75.6696	0.2591	-0.1198	-1.3784
17.2029	-0.4879	-75.9326	0.276	-0.1217	-1.3903	0.2556	-0.7641	-1.1419	-2.6525	1.7374	-5.9324	0.2526	-0.7604	-1.1379	-2.6371	1.996	-5.915	-0.003	0.0037	0.004	0.0154	0.2586	0.0174	0	0	0	0	0	0	0	0	0	0	0	0	36.7931	38.0509	5353.8106	0.6289	0	17.2029	-0.4879	-75.9326	0.276	-0.1217	-1.3903
17.4045	-0.4443	-76.4434	0.2881	-0.1164	-1.3958	0.2494	-0.7632	-1.1445	-2.6538	1.7395	-5.9553	0.2487	-0.7609	-1.1367	-2.6367	1.9961	-5.9378	-0.0007	0.0023	0.0077	0.0171	0.2566	0.0175	0	0	0	0	0	0	0	0	0	0	0	0	36.7932	38.051	5353.8161	0.6295	0	17.4045	-0.4443	-76.4434	0.2881	-0.1164	-1.3958
17.4646	-0.3096	-76.7692	0.2681	-0.1204	-1.4116	0.2484	-0.7639	-1.145	-2.6469	1.7406	-5.9818	0.2448	-0.7615	-1.1356	-2.6362	1.9961	-5.9605	-0.0036	0.0024	0.0095	0.0107	0.2555	0.0214	0	0	0	0	0	0	0	0	0	0	0	0	36.7926	38.0506	5353.7262	0.6302	0	17.4646	-0.3096	-76.7692	0.2681	-0.1204	-1.4116
17.763	-0.4943	-75.9778	0.2639	-0.0845	-1.4132	0.2454	-0.7625	-1.134	-2.6397	1.7404	-5.9997	0.241	-0.7621	-1.1344	-2.6358	1.9961	-5.983	-0.0044	0.0004	-0.0004	0.0039	0.2557	0.0167	0	0	0	0	0	0	0	0	0	0	0	0	36.7922	38.0497	5353.7414	0.6308	0	17.763	-0.4943	-75.9778	0.2639	-0.0845	-1.4132
17.6553	-0.4059	-75.281	0.2378	-0.126	-1.411	0.2404	-0.763	-1.1362	-2.6499	1.7387	-6.0147	0.2371	-0.7627	-1.1332	-2.6353	1.9961	-6.0052	-0.0033	0.0003	0.0029	0.0146	0.2574	0.0094	0	0	0	0	0	0	0	0	0	0	0	0	36.7927	38.0496	5353.6586	0.6315	0	17.6553	-0.4059	-75.281	0.2378	-0.126	-1.411
17.7504	-0.3557	-76.3969	0.2535	-0.1276	-1.4162	0.2353	-0.765	-1.1355	-2.6521	1.7391	-6.0485	0.2332	-0.7633	-1.1321	-2.6348	1.9961	-6.0274	-0.0021	0.0018	0.0034	0.0173	0.2571	0.0211	0	0	0	0	0	0	0	0	0	0	0	0	36.793	38.05	5353.6875	0.6322	0	17.7504	-0.3557	-76.3969	0.2535	-0.1276	-1.4162
17.8197	-0.4134	-76.9044	0.244	-0.1261	-1.4319	0.2339	-0.7648	-1.1356	-2.6619	1.7423	-6.0705	0.2293	-0.7639	-1.1309	-2.6343	1.9962	-6.0494	-0.0046	0.001	0.0046	0.0276	0.2539	0.0211	0	0	0	0	0	0	0	0	0	0	0	0	36.7942	38.0505	5353.6885	0.6328	0	17.8197	-0.4134	-76.9044	0.244	-0.1261	-1.4319
17.8941	-0.4162	-76.6331	0.2532	-0.1201	-1.4375	0.2252	-0.763	-1.1347	-2.6553	1.7458	-6.0896	0.2254	-0.7645	-1.1298	-2.6337	1.9962	-6.0712	0.0002	-0.0015	0.0049	0.0216	0.2504	0.0184	0	0	0	0	0	0	0	0	0	0	0	0	36.7958	38.0502	5353.6789	0.6335	0	17.8941	-0.4162	-76.6331	0.2532	-0.1201	-1.4375
17.8867	-0.427	-76.4863	0.2556	-0.1421	-1.4379	0.222	-0.7674	-1.1378	-2.6545	1.7446	-6.1115	0.2215	-0.7651	-1.1286	-2.6331	1.9962	-6.0929	-0.0005	0.0023	0.0092	0.0214	0.2516	0.0187	0	0	0	0	0	0	0	0	0	0	0	0	36.7953	38.0499	5353.6107	0.6341	0	17.8867	-0.427	-76.4863	0.2556	-0.1421	-1.4379
18.0802	-0.4704	-76.2213	0.2503	-0.1073	-1.4463	0.2162	-0.7688	-1.1358	-2.6568	1.7492	-6.1337	0.2177	-0.7657	-1.1274	-2.6325	1.9962	-6.1144	0.0015	0.0031	0.0083	0.0243	0.247	0.0193	0	0	0	0	0	0	0	0	0	0	0	0	36.795	38.0501	5353.613	0.6348	0	18.0802	-0.4704	-76.2213	0.2503	-0.1073	-1.4463
18.0753	-0.3359	-76.0373	0.239	-0.1385	-1.4532	0.2138	-0.7671	-1.1308	-2.6501	1.7515	-6.1572	0.2138	-0.7664	-1.1263	-2.6318	1.9962	-6.1357	-0	0.0007	0.0045	0.0183	0.2447	0.0215	0	0	0	0	0	0	0	0	0	0	0	0	36.7954	38.0509	5353.532	0.6355	0	18.0753	-0.3359	-76.0373	0.239	-0.1385	-1.4532
18.257	-0.4922	-77.1097	0.2737	-0.1356	-1.4584	0.2095	-0.7698	-1.1279	-2.634	1.7439	-6.1783	0.2099	-0.767	-1.1251	-2.6312	1.9962	-6.1569	0.0004	0.0027	0.0028	0.0029	0.2523	0.0213	0	0	0	0	0	0	0	0	0	0	0	0	36.7961	38.0523	5353.4774	0.6361	0	18.257	-0.4922	-77.1097	0.2737	-0.1356	-1.4584
18.1464	-0.3913	-76.9802	0.2459	-0.166	-1.4649	0.2085	-0.7675	-1.1287	-2.6295	1.7419	-6.1973	0.206	-0.7677	-1.1239	-2.6305	1.9962	-6.178	-0.0025	-0.0002	0.0048	-0.001	0.2543	0.0193	0	0	0	0	0	0	0	0	0	0	0	0	36.7954	38.052	5353.4979	0.6368	0	18.1464	-0.3913	-76.9802	0.2459	-0.166	-1.4649
18.416	-0.6032	-77.1024	0.2576	-0.1128	-1.4795	0.2051	-0.7719	-1.1278	-2.6302	1.7465	-6.2067	0.2022	-0.7683	-1.1228	-2.6297	1.9962	-6.1989	-0.0029	0.0036	0.005	0.0005	0.2497	0.0078	0	0	0	0	0	0	0	0	0	0	0	0	36.7956	38.054	5353.5299	0.6374	0	18.416	-0.6032	-77.1024	0.2576	-0.1128	-1.4795
18.2398	-0.4313	-77.6818	0.2775	-0.1505	-1.4806	0.1963	-0.7683	-1.1269	-2.6242	1.7484	-6.2335	0.1983	-0.769	-1.1216	-2.629	1.9963	-6.2197	0.002	-0.0007	0.0053	-0.0047	0.2478	0.0138	0	0	0	0	0	0	0	0	0	0	0	0	36.7956	38.0532	5353.5207	0.6381	0	18.2398	-0.4313	-77.6818	0.2775	-0.1505	-1.4806
18.5477	-0.4022	-77.5334	0.2488	-0.1361	-1.4933	0.1956	-0.7701	-1.1241	-2.6333	1.7467	-6.2536	0.1945	-0.7697	-1.1204	-2.6282	1.9963	-6.2403	-0.0012	0.0004	0.0037	0.0051	0.2496	0.0133	0	0	0	0	0	0	0	0	0	0	0	0	36.7947	38.0527	5353.4834	0.6388	0	18.5477	-0.4022	-77.5334	0.2488	-0.1361	-1.4933
18.7392	-0.488	-76.9752	0.2414	-0.1314	-1.4981	0.1972	-0.7744	-1.1263	-2.6224	1.7472	-6.2713	0.1906	-0.7704	-1.1192	-2.6274	1.9963	-6.2608	-0.0066	0.004	0.007	-0.005	0.249	0.0105	0	0	0	0	0	0	0	0	0	0	0	0	36.7952	38.0525	5353.5169	0.6394	0	18.7392	-0.488	-76.9752	0.2414	-0.1314	-1.4981
18.3167	-0.6719	-76.7177	0.2591	-0.1964	-1.5058	0.184	-0.7737	-1.1211	-2.6418	1.7516	-6.2987	0.1868	-0.7711	-1.1181	-2.6266	1.9963	-6.2811	0.0028	0.0026	0.003	0.0152	0.2446	0.0176	0	0	0	0	0	0	0	0	0	0	0	0	36.7941	38.0526	5353.4947	0.6401	0	18.3167	-0.6719	-76.7177	0.2591	-0.1964	-1.5058
18.5938	-0.6495	-75.6166	0.2401	-0.163	-1.5117	0.1798	-0.776	-1.1218	-2.6449	1.7549	-6.3207	0.183	-0.7718	-1.1169	-2.6257	1.9963	-6.3014	0.0031	0.0042	0.0049	0.0192	0.2414	0.0193	0	0	0	0	0	0	0	0	0	0	0	0	36.7944	38.053	5353.5492	0.6407	0	18.5938	-0.6495	-75.6166	0.2401	-0.163	-1.5117
18.6969	-0.499	-76.536	0.237	-0.1665	-1.5156	0.1815	-0.7727	-1.1209	-2.6407	1.7502	-6.3407	0.1791	-0.7725	-1.1157	-2.6249	1.9963	-6.3215	-0.0024	0.0002	0.0052	0.0158	0.246	0.0193	0	0	0	0	0	0	0	0	0	0	0	0	36.7938	38.0518	5353.4623	0.6414	0	18.6969	-0.499	-76.536	0.237	-0.1665	-1.5156
18.8439	-0.3092	-76.274	0.2233	-0.1715	-1.5304	0.1778	-0.7769	-1.1216	-2.6409	1.7521	-6.3568	0.1753	-0.7732	-1.1145	-2.624	1.9963	-6.3414	-0.0025	0.0036	0.0071	0.017	0.2441	0.0154	0	0	0	0	0	0	0	0	0	0	0	0	36.7938	38.0515	5353.4725	0.6421	0	18.8439	-0.3092	-76.274	0.2233	-0.1715	-1.5304
18.7186	-0.2817	-77.967	0.2454	-0.1614	-1.5361	0.1729	-0.7814	-1.1169	-2.6347	1.748	-6.3712	0.1715	-0.774	-1.1133	-2.623	1.9963	-6.3612	-0.0014	0.0074	0.0035	0.0117	0.2483	0.0099	0	0	0	0	0	0	0	0	0	0	0	0	36.7936	38.0505	5353.4739	0.6427	0	18.7186	-0.2817	-77.967	0.2454	-0.1614	-1.5361
19.0047	-0.396	-77.8084	0.2653	-0.1354	-1.5402	0.1646	-0.7778	-1.1161	-2.6279	1.7528	-6.398	0.1677	-0.7747	-1.1122	-2.6221	1.9963	-6.3809	0.0031	0.0031	0.0039	0.0058	0.2434	0.0171	0	0	0	0	0	0	0	0	0	0	0	0	36.7937	38.0498	5353.5508	0.6434	0	19.0047	-0.396	-77.8084	0.2653	-0.1354	-1.5402
19.2215	-0.3252	-77.9681	0.2535	-0.1191	-1.5588	0.1649	-0.781	-1.115	-2.6326	1.7523	-6.4259	0.1639	-0.7755	-1.111	-2.6211	1.9963	-6.4005	-0.001	0.0056	0.004	0.0115	0.244	0.0255	0	0	0	0	0	0	0	0	0	0	0	0	36.794	38.05	5353.5247	0.644	0	19.2215	-0.3252	-77.9681	0.2535	-0.1191	-1.5588
19.1778	-0.4487	-77.9859	0.2642	-0.1121	-1.5668	0.1609	-0.7805	-1.1163	-2.6322	1.7561	-6.4434	0.1601	-0.7762	-1.1098	-2.6202	1.9963	-6.4199	-0.0008	0.0043	0.0065	0.0121	0.2402	0.0235	0	0	0	0	0	0	0	0	0	0	0	0	36.7924	38.0491	5353.4112	0.6447	0	19.1778	-0.4487	-77.9859	0.2642	-0.1121	-1.5668
19.2181	-0.2856	-78.0155	0.2352	-0.1012	-1.5718	0.1576	-0.7724	-1.1125	-2.6338	1.7524	-6.4506	0.1564	-0.777	-1.1086	-2.6192	1.9963	-6.4392	-0.0013	-0.0046	0.0039	0.0146	0.2438	0.0113	0	0	0	0	0	0	0	0	0	0	0	0	36.7917	38.0493	5353.4117	0.6454	0	19.2181	-0.2856	-78.0155	0.2352	-0.1012	-1.5718
19.2804	-0.4883	-77.3597	0.232	-0.1043	-1.5687	0.1561	-0.7779	-1.1066	-2.6333	1.7508	-6.4664	0.1526	-0.7777	-1.1074	-2.6181	1.9963	-6.4584	-0.0035	0.0002	-0.0009	0.0151	0.2454	0.008	0	0	0	0	0	0	0	0	0	0	0	0	36.7922	38.0498	5353.4103	0.646	0	19.2804	-0.4883	-77.3597	0.232	-0.1043	-1.5687
19.3334	-0.4884	-77.4858	0.233	-0.1257	-1.5742	0.1529	-0.7805	-1.1067	-2.631	1.7568	-6.4964	0.1488	-0.7785	-1.1063	-2.6171	1.9963	-6.4775	-0.0041	0.0019	0.0004	0.0139	0.2395	0.0189	0	0	0	0	0	0	0	0	0	0	0	0	36.7919	38.0509	5353.456	0.6467	0	19.3334	-0.4884	-77.4858	0.233	-0.1257	-1.5742
19.1158	-0.6747	-78.9973	0.2727	-0.138	-1.5741	0.1468	-0.7797	-1.1078	-2.639	1.7555	-6.5079	0.1451	-0.7793	-1.1051	-2.616	1.9963	-6.4964	-0.0017	0.0004	0.0027	0.0229	0.2408	0.0114	0	0	0	0	0	0	0	0	0	0	0	0	36.792	38.0515	5353.442	0.6473	0	19.1158	-0.6747	-78.9973	0.2727	-0.138	-1.5741
19.1831	-0.3347	-78.4527	0.2468	-0.1417	-1.5831	0.1397	-0.7847	-1.107	-2.638	1.7555	-6.5315	0.1414	-0.7801	-1.1039	-2.6149	1.9963	-6.5153	0.0017	0.0046	0.0031	0.023	0.2408	0.0162	0	0	0	0	0	0	0	0	0	0	0	0	36.7929	38.0515	5353.568	0.648	0	19.1831	-0.3347	-78.4527	0.2468	-0.1417	-1.5831
19.3392	-0.2111	-79.797	0.2443	-0.1178	-1.5976	0.1361	-0.7844	-1.1097	-2.639	1.7566	-6.5455	0.1376	-0.7809	-1.1027	-2.6138	1.9963	-6.534	0.0016	0.0035	0.007	0.0251	0.2397	0.0116	0	0	0	0	0	0	0	0	0	0	0	0	36.7933	38.0511	5353.6085	0.6487	0	19.3392	-0.2111	-79.797	0.2443	-0.1178	-1.5976
19.3092	0.0466	-79.4701	0.2549	-0.1616	-1.5924	0.1358	-0.782	-1.1061	-2.6462	1.7533	-6.5663	0.1339	-0.7817	-1.1015	-2.6127	1.9963	-6.5526	-0.0018	0.0003	0.0046	0.0335	0.243	0.0137	0	0	0	0	0	0	0	0	0	0	0	0	36.7929	38.0502	5353.709	0.6493	0	19.3092	0.0466	-79.4701	0.2549	-0.1616	-1.5924
19.3325	0	-77.693	0.2329	-0.1752	-1.6005	0.1242	-0.7739	-1.1021	-2.6413	1.7552	-6.5934	0.1302	-0.7825	-1.1003	-2.6116	1.9963	-6.5711	0.0061	-0.0086	0.0018	0.0297	0.241	0.0223	0	0	0	0	0	0	0	0	0	0	0	0	36.7928	38.0517	5353.6577	0.65	0	19.3325	0	-77.693	0.2329	-0.1752	-1.6005
19.5806	0.0599	-78.5225	0.2185	-0.148	-1.6136	0.1275	-0.7832	-1.1016	-2.6213	1.7574	-6.6076	0.1266	-0.7833	-1.0991	-2.6104	1.9963	-6.5895	-0.0009	-0.0001	0.0025	0.0109	0.2389	0.0182	0	0	0	0	0	0	0	0	0	0	0	0	36.7929	38.0512	5353.7627	0.6506	0	19.5806	0.0599	-78.5225	0.2185	-0.148	-1.6136
19.5986	-0.2983	-79.4768	0.2627	-0.1377	-1.6235	0.1224	-0.7894	-1.1004	-2.6304	1.7551	-6.6204	0.1229	-0.7841	-1.098	-2.6093	1.9963	-6.6077	0.0005	0.0053	0.0024	0.0212	0.2412	0.0127	0	0	0	0	0	0	0	0	0	0	0	0	36.7926	38.052	5353.8758	0.6513	0	19.5986	-0.2983	-79.4768	0.2627	-0.1377	-1.6235
19.7855	-0.2269	-79.9933	0.2723	-0.1088	-1.6305	0.1165	-0.7889	-1.1015	-2.6419	1.7568	-6.6397	0.1192	-0.785	-1.0968	-2.6081	1.9963	-6.6259	0.0028	0.0039	0.0048	0.0338	0.2395	0.0138	0	0	0	0	0	0	0	0	0	0	0	0	36.7936	38.052	5353.7838	0.652	0	19.7855	-0.2269	-79.9933	0.2723	-0.1088	-1.6305
19.7647	0.0415	-80.4949	0.2609	-0.1324	-1.6312	0.1124	-0.7883	-1.1019	-2.6159	1.7573	-6.6634	0.1156	-0.7858	-1.0956	-2.6069	1.9963	-6.6439	0.0032	0.0025	0.0063	0.009	0.239	0.0195	0	0	0	0	0	0	0	0	0	0	0	0	36.7941	38.0515	5353.7399	0.6526	0	19.7647	0.0415	-80.4949	0.2609	-0.1324	-1.6312
19.8464	0.1745	-80.9324	0.2642	-0.1237	-1.643	0.1094	-0.7843	-1.0993	-2.6165	1.7601	-6.676	0.112	-0.7867	-1.0944	-2.6057	1.9963	-6.6619	0.0026	-0.0024	0.0049	0.0109	0.2362	0.0141	0	0	0	0	0	0	0	0	0	0	0	0	36.7948	38.0516	5353.7908	0.6533	0	19.8464	0.1745	-80.9324	0.2642	-0.1237	-1.643
19.6315	0.1055	-79.0409	0.2478	-0.1968	-1.6413	0.1126	-0.789	-1.0973	-2.5993	1.7647	-6.6914	0.1083	-0.7875	-1.0932	-2.6044	1.9963	-6.6797	-0.0042	0.0014	0.0041	-0.0051	0.2316	0.0116	0	0	0	0	0	0	0	0	0	0	0	0	36.795	38.0511	5353.6479	0.6539	0	19.6315	0.1055	-79.0409	0.2478	-0.1968	-1.6413
19.8056	-0.1688	-79.7117	0.2619	-0.1332	-1.6492	0.0987	-0.7852	-1.0964	-2.6221	1.7583	-6.7168	0.1047	-0.7884	-1.092	-2.6032	1.9963	-6.6975	0.006	-0.0032	0.0044	0.0189	0.238	0.0193	0	0	0	0	0	0	0	0	0	0	0	0	36.7944	38.0512	5353.5472	0.6546	0	19.8056	-0.1688	-79.7117	0.2619	-0.1332	-1.6492
19.516	0.0482	-77.9157	0.2122	-0.2398	-1.6275	0.0955	-0.7869	-1.0955	-2.6204	1.7585	-6.7304	0.1011	-0.7892	-1.0909	-2.6019	1.9963	-6.7151	0.0057	-0.0024	0.0046	0.0185	0.2378	0.0153	0	0	0	0	0	0	0	0	0	0	0	0	36.7947	38.0514	5353.5198	0.6553	0	19.516	0.0482	-77.9157	0.2122	-0.2398	-1.6275
19.8791	-0.2671	-78.5678	0.2555	-0.1792	-1.6488	0.09	-0.794	-1.0938	-2.6182	1.7628	-6.7502	0.0976	-0.7901	-1.0897	-2.6006	1.9963	-6.7326	0.0076	0.0039	0.0041	0.0176	0.2336	0.0176	0	0	0	0	0	0	0	0	0	0	0	0	36.7948	38.0512	5353.4358	0.6559	0	19.8791	-0.2671	-78.5678	0.2555	-0.1792	-1.6488
20.0135	-0.0452	-78.6704	0.2434	-0.1678	-1.6563	0.0875	-0.7965	-1.0946	-2.6192	1.7616	-6.7676	0.094	-0.791	-1.0885	-2.5993	1.9963	-6.75	0.0065	0.0055	0.0061	0.0198	0.2348	0.0176	0	0	0	0	0	0	0	0	0	0	0	0	36.7953	38.0515	5353.4395	0.6566	0	20.0135	-0.0452	-78.6704	0.2434	-0.1678	-1.6563
20.2913	0.0493	-79.2505	0.2353	-0.1377	-1.6739	0.0853	-0.7891	-1.0928	-2.6203	1.7611	-6.7813	0.0905	-0.7919	-1.0873	-2.598	1.9963	-6.7674	0.0052	-0.0027	0.0055	0.0222	0.2352	0.0139	0	0	0	0	0	0	0	0	0	0	0	0	36.795	38.051	5353.4001	0.6572	0	20.2913	0.0493	-79.2505	0.2353	-0.1377	-1.6739
20.278	-0.2012	-79.6501	0.2719	-0.1444	-1.6835	0.0884	-0.7883	-1.0896	-2.6176	1.764	-6.7985	0.0869	-0.7928	-1.0861	-2.5967	1.9963	-6.7846	-0.0015	-0.0045	0.0035	0.0209	0.2323	0.0139	0	0	0	0	0	0	0	0	0	0	0	0	36.7944	38.051	5353.4322	0.6579	0	20.278	-0.2012	-79.6501	0.2719	-0.1444	-1.6835
20.2451	-0.269	-79.2048	0.2661	-0.1383	-1.6915	0.0823	-0.7963	-1.0879	-2.6223	1.7609	-6.8088	0.0834	-0.7937	-1.085	-2.5954	1.9964	-6.8017	0.0011	0.0026	0.0029	0.027	0.2355	0.007	0	0	0	0	0	0	0	0	0	0	0	0	36.7937	38.0512	5353.3483	0.6586	0	20.2451	-0.269	-79.2048	0.2661	-0.1383	-1.6915
20.1577	0.2032	-79.5106	0.2394	-0.1629	-1.6819	0.0749	-0.7948	-1.0878	-2.623	1.7649	-6.8393	0.0799	-0.7946	-1.0838	-2.594	1.9964	-6.8188	0.005	0.0002	0.004	0.029	0.2315	0.0205	0	0	0	0	0	0	0	0	0	0	0	0	36.7932	38.0511	5353.3433	0.6592	0	20.1577	0.2032	-79.5106	0.2394	-0.1629	-1.6819
20.3592	0.1812	-81.3784	0.2674	-0.1067	-1.703	0.069	-0.7991	-1.0882	-2.6045	1.7686	-6.8564	0.0764	-0.7955	-1.0826	-2.5927	1.9964	-6.8357	0.0074	0.0037	0.0056	0.0118	0.2278	0.0206	0	0	0	0	0	0	0	0	0	0	0	0	36.7929	38.052	5353.3536	0.6599	0	20.3592	0.1812	-81.3784	0.2674	-0.1067	-1.703
20.5433	0.326	-80.4547	0.261	-0.1299	-1.7049	0.0703	-0.7934	-1.0873	-2.5943	1.7683	-6.8672	0.073	-0.7964	-1.0814	-2.5913	1.9964	-6.8526	0.0026	-0.003	0.0058	0.003	0.2281	0.0146	0	0	0	0	0	0	0	0	0	0	0	0	36.793	38.0518	5353.3892	0.6605	0	20.5433	0.326	-80.4547	0.261	-0.1299	-1.7049
20.3793	0.2555	-79.9072	0.2682	-0.1715	-1.7051	0.0683	-0.7962	-1.0815	-2.5874	1.768	-6.8867	0.0695	-0.7973	-1.0803	-2.5899	1.9964	-6.8693	0.0012	-0.0011	0.0013	-0.0025	0.2285	0.0174	0	0	0	0	0	0	0	0	0	0	0	0	36.7927	38.0521	5353.4785	0.6612	0	20.3793	0.2555	-79.9072	0.2682	-0.1715	-1.7051
20.4524	0.1568	-77.9443	0.2226	-0.1771	-1.7003	0.0666	-0.7976	-1.0823	-2.5795	1.7705	-6.8957	0.0661	-0.7982	-1.0791	-2.5885	1.9964	-6.886	-0.0005	-0.0006	0.0032	-0.009	0.2259	0.0097	0	0	0	0	0	0	0	0	0	0	0	0	36.7925	38.0518	5353.5164	0.6619	0	20.4524	0.1568	-77.9443	0.2226	-0.1771	-1.7003
20.3891	0.025	-79.19	0.2221	-0.1461	-1.7169	0.0609	-0.801	-1.0804	-2.5841	1.7723	-6.9151	0.0627	-0.7991	-1.0779	-2.5871	1.9964	-6.9025	0.0018	0.0019	0.0024	-0.0031	0.2241	0.0126	0	0	0	0	0	0	0	0	0	0	0	0	36.7926	38.0518	5353.4773	0.6625	0	20.3891	0.025	-79.19	0.2221	-0.1461	-1.7169
20.4664	-0.1801	-79.1911	0.2389	-0.1421	-1.7237	0.0571	-0.8039	-1.0801	-2.5806	1.7725	-6.9321	0.0592	-0.8001	-1.0767	-2.5857	1.9965	-6.919	0.0022	0.0039	0.0033	-0.0051	0.2239	0.0131	0	0	0	0	0	0	0	0	0	0	0	0	36.793	38.0525	5353.5449	0.6632	0	20.4664	-0.1801	-79.1911	0.2389	-0.1421	-1.7237
20.5049	0.0042	-79.4795	0.2373	-0.1512	-1.7258	0.0463	-0.8071	-1.0772	-2.586	1.7725	-6.9499	0.0559	-0.801	-1.0756	-2.5843	1.9965	-6.9354	0.0096	0.0061	0.0017	0.0017	0.224	0.0145	0	0	0	0	0	0	0	0	0	0	0	0	36.7934	38.0534	5353.4929	0.6638	0	20.5049	0.0042	-79.4795	0.2373	-0.1512	-1.7258
20.706	0.2429	-80.35	0.2287	-0.1339	-1.7439	0.0525	-0.8012	-1.0778	-2.5963	1.7786	-6.9681	0.0525	-0.8019	-1.0744	-2.5829	1.9965	-6.9516	-0.0001	-0.0008	0.0034	0.0134	0.2179	0.0164	0	0	0	0	0	0	0	0	0	0	0	0	36.7925	38.0532	5353.583	0.6645	0	20.706	0.2429	-80.35	0.2287	-0.1339	-1.7439
20.5783	0.2433	-80.5212	0.2535	-0.1819	-1.742	0.0499	-0.8006	-1.0791	-2.5855	1.7792	-6.9777	0.0491	-0.8029	-1.0732	-2.5814	1.9965	-6.9679	-0.0008	-0.0023	0.0059	0.004	0.2173	0.0098	0	0	0	0	0	0	0	0	0	0	0	0	36.792	38.0518	5353.6107	0.6652	0	20.5783	0.2433	-80.5212	0.2535	-0.1819	-1.742
20.5681	0.193	-80.5094	0.2431	-0.1699	-1.7418	0.0461	-0.8012	-1.0759	-2.5931	1.776	-6.9926	0.0458	-0.8038	-1.0721	-2.58	1.9965	-6.984	-0.0003	-0.0026	0.0038	0.0131	0.2205	0.0087	0	0	0	0	0	0	0	0	0	0	0	0	36.7923	38.0522	5353.6668	0.6658	0	20.5681	0.193	-80.5094	0.2431	-0.1699	-1.7418
20.5441	0.055	-79.1694	0.2361	-0.1738	-1.7402	0.0346	-0.8048	-1.073	-2.5961	1.7769	-7.0188	0.0425	-0.8048	-1.0709	-2.5785	1.9966	-7	0.0079	0	0.0021	0.0176	0.2196	0.0188	0	0	0	0	0	0	0	0	0	0	0	0	36.792	38.0528	5353.6485	0.6665	0	20.5441	0.055	-79.1694	0.2361	-0.1738	-1.7402
20.6598	-0.0028	-79.0349	0.2259	-0.1541	-1.7496	0.0367	-0.8083	-1.0729	-2.5874	1.78	-7.0361	0.0392	-0.8057	-1.0698	-2.5771	1.9966	-7.0159	0.0025	0.0026	0.0031	0.0103	0.2166	0.0202	0	0	0	0	0	0	0	0	0	0	0	0	36.7912	38.0528	5353.5697	0.6671	0	20.6598	-0.0028	-79.0349	0.2259	-0.1541	-1.7496
20.7152	0.0546	-78.7387	0.2069	-0.1777	-1.7581	0.0351	-0.8061	-1.0722	-2.5844	1.7781	-7.0442	0.0359	-0.8067	-1.0686	-2.5756	1.9966	-7.0317	0.0007	-0.0006	0.0036	0.0088	0.2185	0.0125	0	0	0	0	0	0	0	0	0	0	0	0	36.7913	38.0525	5353.5939	0.6678	0	20.7152	0.0546	-78.7387	0.2069	-0.1777	-1.7581
20.6288	0.3226	-78.4361	0.2123	-0.2043	-1.7561	0.0298	-0.8052	-1.0712	-2.589	1.7804	-7.058	0.0326	-0.8076	-1.0675	-2.5741	1.9966	-7.0475	0.0028	-0.0024	0.0037	0.0148	0.2162	0.0105	0	0	0	0	0	0	0	0	0	0	0	0	36.7912	38.0519	5353.5897	0.6685	0	20.6288	0.3226	-78.4361	0.2123	-0.2043	-1.7561
20.5564	0.4163	-78.6768	0.1917	-0.2253	-1.7567	0.0203	-0.8068	-1.0683	-2.5916	1.7844	-7.0786	0.0294	-0.8086	-1.0663	-2.5727	1.9967	-7.0632	0.0091	-0.0018	0.002	0.0189	0.2123	0.0155	0	0	0	0	0	0	0	0	0	0	0	0	36.7922	38.0521	5353.6343	0.6691	0	20.5564	0.4163	-78.6768	0.1917	-0.2253	-1.7567
21.0695	0.1446	-79.8199	0.2172	-0.1424	-1.7783	0.0264	-0.8129	-1.0694	-2.583	1.7838	-7.0913	0.0261	-0.8095	-1.0651	-2.5712	1.9967	-7.0787	-0.0002	0.0033	0.0042	0.0118	0.2129	0.0126	0	0	0	0	0	0	0	0	0	0	0	0	36.7931	38.0524	5353.6	0.6698	0	21.0695	0.1446	-79.8199	0.2172	-0.1424	-1.7783
20.7651	0.2116	-79.7339	0.2197	-0.2057	-1.7731	0.0231	-0.8112	-1.0689	-2.5757	1.7871	-7.1115	0.0229	-0.8105	-1.064	-2.5697	1.9967	-7.0942	-0.0002	0.0007	0.0049	0.006	0.2096	0.0173	0	0	0	0	0	0	0	0	0	0	0	0	36.7951	38.0522	5353.5692	0.6704	0	20.7651	0.2116	-79.7339	0.2197	-0.2057	-1.7731
20.9596	0.1903	-80.9824	0.2488	-0.1419	-1.797	0.0166	-0.8121	-1.0658	-2.5725	1.7864	-7.1255	0.0197	-0.8115	-1.0629	-2.5682	1.9967	-7.1096	0.0031	0.0006	0.0029	0.0043	0.2104	0.0159	0	0	0	0	0	0	0	0	0	0	0	0	36.7953	38.0523	5353.5159	0.6711	0	20.9596	0.1903	-80.9824	0.2488	-0.1419	-1.797
21.0579	0.2766	-80.8915	0.2354	-0.1318	-1.8003	0.013	-0.8086	-1.0661	-2.5789	1.7873	-7.1389	0.0165	-0.8124	-1.0617	-2.5667	1.9968	-7.125	0.0035	-0.0038	0.0043	0.0122	0.2095	0.014	0	0	0	0	0	0	0	0	0	0	0	0	36.7955	38.0519	5353.5561	0.6718	0	21.0579	0.2766	-80.8915	0.2354	-0.1318	-1.8003
20.856	0.4697	-81.033	0.2306	-0.1672	-1.7921	0.0097	-0.8122	-1.0635	-2.5835	1.7896	-7.15	0.0134	-0.8134	-1.0606	-2.5652	1.9968	-7.1402	0.0037	-0.0012	0.0029	0.0183	0.2072	0.0098	0	0	0	0	0	0	0	0	0	0	0	0	36.7951	38.052	5353.6155	0.6724	0	20.856	0.4697	-81.033	0.2306	-0.1672	-1.7921
21.2579	0.1151	-81.5678	0.2553	-0.0989	-1.8203	0.0093	-0.8165	-1.065	-2.578	1.79	-7.165	0.0102	-0.8144	-1.0594	-2.5637	1.9968	-7.1553	0.0009	0.0021	0.0056	0.0143	0.2069	0.0097	0	0	0	0	0	0	0	0	0	0	0	0	36.7954	38.0516	5353.7005	0.6731	0	21.2579	0.1151	-81.5678	0.2553	-0.0989	-1.8203
20.7448	0.6125	-80.5843	0.2336	-0.2152	-1.8008	0.0029	-0.8131	-1.0616	-2.5761	1.7916	-7.1826	0.0071	-0.8154	-1.0583	-2.5621	1.9969	-7.1704	0.0042	-0.0023	0.0033	0.014	0.2053	0.0121	0	0	0	0	0	0	0	0	0	0	0	0	36.7949	38.0517	5353.7253	0.6737	0	20.7448	0.6125	-80.5843	0.2336	-0.2152	-1.8008
21.2878	0.2163	-82.4058	0.2698	-0.1006	-1.8234	-0.0049	-0.8159	-1.0613	-2.5741	1.7959	-7.2016	0.004	-0.8163	-1.0572	-2.5606	1.9969	-7.1854	0.0088	-0.0005	0.0041	0.0135	0.201	0.0162	0	0	0	0	0	0	0	0	0	0	0	0	36.7955	38.0523	5353.7282	0.6744	0	21.2878	0.2163	-82.4058	0.2698	-0.1006	-1.8234
21.0377	0.5649	-81.5044	0.2293	-0.1533	-1.8258	-0.008	-0.8193	-1.0587	-2.5785	1.7982	-7.2172	0.0009	-0.8173	-1.056	-2.5591	1.9969	-7.2003	0.0089	0.0019	0.0026	0.0194	0.1987	0.0169	0	0	0	0	0	0	0	0	0	0	0	0	36.7955	38.0524	5353.7453	0.6751	0	21.0377	0.5649	-81.5044	0.2293	-0.1533	-1.8258
21.2632	0.5944	-81.4196	0.2336	-0.1434	-1.8311	-0.0054	-0.8162	-1.0578	-2.5629	1.7946	-7.2244	-0.0022	-0.8183	-1.0549	-2.5576	1.997	-7.2151	0.0032	-0.0021	0.0029	0.0053	0.2024	0.0093	0	0	0	0	0	0	0	0	0	0	0	0	36.7943	38.0513	5353.7613	0.6757	0	21.2632	0.5944	-81.4196	0.2336	-0.1434	-1.8311
21.1074	0.5381	-81.2923	0.2547	-0.168	-1.8251	-0.0123	-0.8156	-1.0564	-2.5611	1.7982	-7.2417	-0.0053	-0.8193	-1.0538	-2.556	1.997	-7.2298	0.007	-0.0037	0.0027	0.005	0.1988	0.0119	0	0	0	0	0	0	0	0	0	0	0	0	36.7938	38.0509	5353.8353	0.6764	0	21.1074	0.5381	-81.2923	0.2547	-0.168	-1.8251
21.2463	0.4887	-81.2985	0.2399	-0.1572	-1.8257	-0.0169	-0.8182	-1.0564	-2.5554	1.8006	-7.2608	-0.0083	-0.8203	-1.0526	-2.5545	1.997	-7.2445	0.0086	-0.0021	0.0037	0.0009	0.1965	0.0163	0	0	0	0	0	0	0	0	0	0	0	0	36.7935	38.0517	5353.7714	0.677	0	21.2463	0.4887	-81.2985	0.2399	-0.1572	-1.8257
21.4853	0.393	-81.7323	0.2398	-0.1395	-1.8493	-0.0163	-0.8244	-1.0549	-2.5511	1.8034	-7.2695	-0.0113	-0.8213	-1.0515	-2.553	1.9971	-7.2591	0.005	0.0032	0.0034	-0.0018	0.1937	0.0104	0	0	0	0	0	0	0	0	0	0	0	0	36.7925	38.0517	5353.7943	0.6777	0	21.4853	0.393	-81.7323	0.2398	-0.1395	-1.8493
21.3501	0.4098	-81.8014	0.2584	-0.1516	-1.8457	-0.0184	-0.8262	-1.0538	-2.5564	1.8042	-7.2892	-0.0143	-0.8223	-1.0504	-2.5514	1.9971	-7.2735	0.0041	0.0039	0.0034	0.005	0.1929	0.0157	0	0	0	0	0	0	0	0	0	0	0	0	36.7917	38.0521	5353.8191	0.6784	0	21.3501	0.4098	-81.8014	0.2584	-0.1516	-1.8457
21.538	0.4786	-83.355	0.259	-0.1103	-1.8612	-0.0253	-0.8202	-1.0585	-2.567	1.8016	-7.3079	-0.0173	-0.8233	-1.0493	-2.5499	1.9971	-7.2879	0.008	-0.0031	0.0092	0.0172	0.1955	0.02	0	0	0	0	0	0	0	0	0	0	0	0	36.7931	38.0521	5353.7256	0.679	0	21.538	0.4786	-83.355	0.259	-0.1103	-1.8612
21.4959	0.6812	-82.4697	0.2346	-0.1463	-1.8559	-0.0237	-0.8193	-1.0539	-2.5578	1.8076	-7.3111	-0.0203	-0.8242	-1.0482	-2.5483	1.9972	-7.3023	0.0034	-0.0049	0.0057	0.0094	0.1895	0.0089	0	0	0	0	0	0	0	0	0	0	0	0	36.7935	38.0525	5353.7384	0.6797	0	21.4959	0.6812	-82.4697	0.2346	-0.1463	-1.8559
21.2501	0.5169	-82.0401	0.2456	-0.1926	-1.8529	-0.0294	-0.8243	-1.0525	-2.559	1.808	-7.3274	-0.0232	-0.8252	-1.0471	-2.5468	1.9972	-7.3165	0.0061	-0.0009	0.0054	0.0122	0.1892	0.0109	0	0	0	0	0	0	0	0	0	0	0	0	36.7941	38.051	5353.7128	0.6803	0	21.2501	0.5169	-82.0401	0.2456	-0.1926	-1.8529
21.547	0.5018	-82.3653	0.2464	-0.1534	-1.8741	-0.0298	-0.8279	-1.0525	-2.5731	1.8073	-7.3369	-0.0261	-0.8262	-1.046	-2.5452	1.9972	-7.3307	0.0036	0.0016	0.0065	0.0279	0.19	0.0063	0	0	0	0	0	0	0	0	0	0	0	0	36.7944	38.0508	5353.6677	0.681	0	21.547	0.5018	-82.3653	0.2464	-0.1534	-1.8741
21.4851	0.5736	-82.8071	0.2671	-0.1617	-1.8808	-0.0383	-0.8333	-1.0514	-2.5694	1.8107	-7.3564	-0.0291	-0.8272	-1.0449	-2.5437	1.9973	-7.3448	0.0092	0.0061	0.0065	0.0257	0.1865	0.0117	0	0	0	0	0	0	0	0	0	0	0	0	36.795	38.0505	5353.6758	0.6817	0	21.4851	0.5736	-82.8071	0.2671	-0.1617	-1.8808
21.5859	0.6308	-82.5794	0.2753	-0.142	-1.8836	-0.0399	-0.8313	-1.0457	-2.5539	1.8104	-7.3732	-0.0319	-0.8282	-1.0438	-2.5422	1.9973	-7.3587	0.008	0.0031	0.002	0.0117	0.1869	0.0145	0	0	0	0	0	0	0	0	0	0	0	0	36.7935	38.0501	5353.5224	0.6823	0	21.5859	0.6308	-82.5794	0.2753	-0.142	-1.8836
21.2472	0.7637	-81.5869	0.2519	-0.2062	-1.8697	-0.0466	-0.8303	-1.0428	-2.5522	1.8114	-7.3869	-0.0348	-0.8292	-1.0427	-2.5406	1.9973	-7.3726	0.0118	0.0011	0.0001	0.0116	0.1859	0.0143	0	0	0	0	0	0	0	0	0	0	0	0	36.793	38.0516	5353.5238	0.683	0	21.2472	0.7637	-81.5869	0.2519	-0.2062	-1.8697
21.4187	0.7737	-81.4569	0.2553	-0.2002	-1.8776	-0.0481	-0.8295	-1.0443	-2.5393	1.8139	-7.3982	-0.0377	-0.8302	-1.0416	-2.5391	1.9974	-7.3865	0.0105	-0.0007	0.0027	0.0002	0.1834	0.0117	0	0	0	0	0	0	0	0	0	0	0	0	36.793	38.0517	5353.6105	0.6836	0	21.4187	0.7737	-81.4569	0.2553	-0.2002	-1.8776
21.72	0.7975	-81.5436	0.253	-0.194	-1.8834	-0.0478	-0.8325	-1.0426	-2.5346	1.8144	-7.4116	-0.0405	-0.8312	-1.0405	-2.5375	1.9974	-7.4002	0.0073	0.0013	0.0022	-0.0029	0.183	0.0114	0	0	0	0	0	0	0	0	0	0	0	0	36.7923	38.0517	5353.5265	0.6843	0	21.72	0.7975	-81.5436	0.253	-0.194	-1.8834
21.637	1.0319	-81.9846	0.243	-0.1956	-1.8895	-0.0503	-0.8296	-1.0406	-2.535	1.8171	-7.423	-0.0433	-0.8322	-1.0394	-2.536	1.9974	-7.4139	0.0069	-0.0026	0.0013	-0.001	0.1803	0.0091	0	0	0	0	0	0	0	0	0	0	0	0	36.7928	38.0522	5353.5191	0.685	0	21.637	1.0319	-81.9846	0.243	-0.1956	-1.8895
21.8935	0.8539	-83.4816	0.2725	-0.1385	-1.9118	-0.0557	-0.8292	-1.0395	-2.5412	1.8185	-7.4411	-0.0461	-0.8332	-1.0383	-2.5344	1.9975	-7.4275	0.0096	-0.004	0.0012	0.0067	0.179	0.0136	0	0	0	0	0	0	0	0	0	0	0	0	36.7928	38.0519	5353.4532	0.6856	0	21.8935	0.8539	-83.4816	0.2725	-0.1385	-1.9118
21.8039	0.9187	-82.3262	0.2465	-0.1749	-1.9104	-0.0541	-0.835	-1.0412	-2.535	1.8175	-7.4553	-0.0489	-0.8342	-1.0372	-2.5329	1.9975	-7.441	0.0052	0.0007	0.0039	0.0021	0.18	0.0143	0	0	0	0	0	0	0	0	0	0	0	0	36.7938	38.0513	5353.4231	0.6863	0	21.8039	0.9187	-82.3262	0.2465	-0.1749	-1.9104
22.0296	0.7876	-84.2245	0.2769	-0.1281	-1.9355	-0.0557	-0.8379	-1.0397	-2.5444	1.8193	-7.4669	-0.0517	-0.8352	-1.0361	-2.5313	1.9975	-7.4544	0.004	0.0026	0.0036	0.013	0.1783	0.0125	0	0	0	0	0	0	0	0	0	0	0	0	36.7944	38.0502	5353.4734	0.6869	0	22.0296	0.7876	-84.2245	0.2769	-0.1281	-1.9355
21.9152	1.05	-83.8361	0.2474	-0.1425	-1.926	-0.0547	-0.8412	-1.0405	-2.5468	1.8228	-7.4804	-0.0544	-0.8362	-1.0351	-2.5298	1.9976	-7.4678	0.0003	0.005	0.0054	0.017	0.1748	0.0126	0	0	0	0	0	0	0	0	0	0	0	0	36.7947	38.0509	5353.4506	0.6876	0	21.9152	1.05	-83.8361	0.2474	-0.1425	-1.926
21.8461	0.9562	-83.6282	0.2585	-0.1184	-1.9337	-0.0631	-0.8343	-1.0375	-2.5562	1.8237	-7.4957	-0.0571	-0.8372	-1.034	-2.5282	1.9976	-7.4811	0.006	-0.0029	0.0035	0.028	0.1739	0.0146	0	0	0	0	0	0	0	0	0	0	0	0	36.7951	38.0518	5353.4192	0.6883	0	21.8461	0.9562	-83.6282	0.2585	-0.1184	-1.9337
22.1303	0.8717	-84.6427	0.3013	-0.0779	-1.9512	-0.0666	-0.8342	-1.036	-2.5542	1.8279	-7.51	-0.0598	-0.8382	-1.0329	-2.5267	1.9976	-7.4942	0.0068	-0.004	0.0031	0.0275	0.1697	0.0158	0	0	0	0	0	0	0	0	0	0	0	0	36.7942	38.052	5353.5229	0.6889	0	22.1303	0.8717	-84.6427	0.3013	-0.0779	-1.9512
22.0681	1.1423	-83.9264	0.2714	-0.1069	-1.9515	-0.0668	-0.8348	-1.0318	-2.5307	1.827	-7.5187	-0.0625	-0.8392	-1.0318	-2.5252	1.9977	-7.5074	0.0042	-0.0044	-0.0001	0.0056	0.1707	0.0113	0	0	0	0	0	0	0	0	0	0	0	0	36.7944	38.0526	5353.4993	0.6896	0	22.0681	1.1423	-83.9264	0.2714	-0.1069	-1.9515
21.94	0.9964	-83.6246	0.2734	-0.1308	-1.9371	-0.071	-0.8409	-1.0311	-2.5418	1.8295	-7.5286	-0.0652	-0.8402	-1.0308	-2.5236	1.9977	-7.5204	0.0058	0.0007	0.0003	0.0182	0.1682	0.0082	0	0	0	0	0	0	0	0	0	0	0	0	36.7953	38.0532	5353.53	0.6902	0	21.94	0.9964	-83.6246	0.2734	-0.1308	-1.9371
21.9056	1.1348	-83.5153	0.2535	-0.1253	-1.9504	-0.0769	-0.8419	-1.0323	-2.5229	1.8308	-7.5498	-0.0678	-0.8412	-1.0297	-2.5221	1.9977	-7.5333	0.0091	0.0008	0.0025	0.0008	0.1669	0.0165	0	0	0	0	0	0	0	0	0	0	0	0	36.795	38.0527	5353.437	0.6909	0	21.9056	1.1348	-83.5153	0.2535	-0.1253	-1.9504
21.9438	1.0973	-84.1306	0.2728	-0.1123	-1.9561	-0.078	-0.8442	-1.0307	-2.5237	1.8341	-7.5592	-0.0704	-0.8422	-1.0287	-2.5206	1.9978	-7.5462	0.0076	0.0021	0.002	0.0031	0.1636	0.013	0	0	0	0	0	0	0	0	0	0	0	0	36.7942	38.0527	5353.3287	0.6916	0	21.9438	1.0973	-84.1306	0.2728	-0.1123	-1.9561
22.1234	1.1244	-84.8834	0.2862	-0.1004	-1.965	-0.0772	-0.8477	-1.0348	-2.531	1.8358	-7.5652	-0.0731	-0.8432	-1.0276	-2.519	1.9978	-7.559	0.0042	0.0045	0.0071	0.012	0.162	0.0062	0	0	0	0	0	0	0	0	0	0	0	0	36.7935	38.0521	5353.384	0.6922	0	22.1234	1.1244	-84.8834	0.2862	-0.1004	-1.965
22.1179	1.367	-85.3226	0.2896	-0.1078	-1.975	-0.0786	-0.8394	-1.0369	-2.5237	1.8368	-7.579	-0.0756	-0.8442	-1.0266	-2.5175	1.9978	-7.5717	0.0029	-0.0047	0.0104	0.0062	0.161	0.0073	0	0	0	0	0	0	0	0	0	0	0	0	36.794	38.0521	5353.3157	0.6929	0	22.1179	1.367	-85.3226	0.2896	-0.1078	-1.975
21.9694	1.0292	-84.6684	0.2869	-0.1208	-1.9738	-0.0877	-0.8418	-1.0323	-2.528	1.8432	-7.5961	-0.0782	-0.8452	-1.0255	-2.516	1.9979	-7.5843	0.0095	-0.0034	0.0067	0.012	0.1547	0.0118	0	0	0	0	0	0	0	0	0	0	0	0	36.795	38.0519	5353.3323	0.6935	0	21.9694	1.0292	-84.6684	0.2869	-0.1208	-1.9738
22.2878	0.891	-82.4149	0.24	-0.1005	-1.9691	-0.0864	-0.8473	-1.0267	-2.5311	1.8452	-7.6045	-0.0808	-0.8461	-1.0245	-2.5145	1.9979	-7.5969	0.0056	0.0012	0.0022	0.0167	0.1527	0.0076	0	0	0	0	0	0	0	0	0	0	0	0	36.7946	38.0523	5353.2295	0.6942	0	22.2878	0.891	-82.4149	0.24	-0.1005	-1.9691
22.1479	0.809	-82.7978	0.2462	-0.1094	-1.9801	-0.0926	-0.8522	-1.0237	-2.515	1.8412	-7.6275	-0.0833	-0.8471	-1.0234	-2.5129	1.9979	-7.6093	0.0093	0.005	0.0003	0.0021	0.1567	0.0181	0	0	0	0	0	0	0	0	0	0	0	0	36.7956	38.0523	5353.3849	0.6949	0	22.1479	0.809	-82.7978	0.2462	-0.1094	-1.9801
22.364	0.8406	-83.6876	0.2715	-0.0728	-1.9774	-0.0932	-0.8509	-1.0294	-2.5136	1.8448	-7.6396	-0.0858	-0.8481	-1.0224	-2.5114	1.998	-7.6217	0.0074	0.0028	0.0069	0.0022	0.1531	0.0179	0	0	0	0	0	0	0	0	0	0	0	0	36.7956	38.0527	5353.4903	0.6955	0	22.364	0.8406	-83.6876	0.2715	-0.0728	-1.9774
22.2529	0.9811	-82.9169	0.2621	-0.1077	-1.9779	-0.088	-0.8482	-1.0216	-2.528	1.8456	-7.6403	-0.0883	-0.8491	-1.0214	-2.5099	1.998	-7.6341	-0.0004	-0.0009	0.0002	0.0181	0.1524	0.0063	0	0	0	0	0	0	0	0	0	0	0	0	36.7962	38.0527	5353.5432	0.6962	0	22.2529	0.9811	-82.9169	0.2621	-0.1077	-1.9779
22.0986	0.984	-82.6703	0.2534	-0.1189	-1.9842	-0.0984	-0.8489	-1.0199	-2.5185	1.8448	-7.6581	-0.0908	-0.8501	-1.0204	-2.5084	1.9981	-7.6463	0.0076	-0.0011	-0.0004	0.0101	0.1532	0.0118	0	0	0	0	0	0	0	0	0	0	0	0	36.796	38.0515	5353.3836	0.6968	0	22.0986	0.984	-82.6703	0.2534	-0.1189	-1.9842
22.0041	1.1997	-82.6222	0.2654	-0.1209	-1.9843	-0.1053	-0.8479	-1.019	-2.5247	1.8444	-7.6757	-0.0933	-0.8511	-1.0193	-2.5069	1.9981	-7.6584	0.012	-0.0032	-0.0004	0.0178	0.1536	0.0173	0	0	0	0	0	0	0	0	0	0	0	0	36.7958	38.0524	5353.3168	0.6975	0	22.0041	1.1997	-82.6222	0.2654	-0.1209	-1.9843
22.0391	1.2448	-83.3405	0.2621	-0.1381	-1.9882	-0.1077	-0.853	-1.0214	-2.5193	1.8499	-7.6883	-0.0957	-0.852	-1.0183	-2.5054	1.9981	-7.6705	0.012	0.0009	0.0031	0.0139	0.1482	0.0178	0	0	0	0	0	0	0	0	0	0	0	0	36.7967	38.0521	5353.3476	0.6982	0	22.0391	1.2448	-83.3405	0.2621	-0.1381	-1.9882
22.2371	1.134	-84.8427	0.2763	-0.0893	-2.0068	-0.1061	-0.853	-1.0195	-2.514	1.8509	-7.6943	-0.0981	-0.853	-1.0173	-2.5039	1.9982	-7.6825	0.008	-0	0.0022	0.0101	0.1473	0.0118	0	0	0	0	0	0	0	0	0	0	0	0	36.7959	38.0526	5353.4672	0.6988	0	22.2371	1.134	-84.8427	0.2763	-0.0893	-2.0068
22.1594	1.1818	-83.8298	0.2794	-0.1043	-1.9986	-0.1054	-0.8539	-1.0197	-2.516	1.8507	-7.7019	-0.1005	-0.854	-1.0163	-2.5024	1.9982	-7.6944	0.0048	-0	0.0034	0.0137	0.1475	0.0076	0	0	0	0	0	0	0	0	0	0	0	0	36.7958	38.0519	5353.5905	0.6995	0	22.1594	1.1818	-83.8298	0.2794	-0.1043	-1.9986
22.0574	1.2638	-83.4176	0.28	-0.1277	-1.9978	-0.1089	-0.8512	-1.0132	-2.4937	1.8555	-7.718	-0.1029	-0.8549	-1.0153	-2.5009	1.9982	-7.7062	0.0059	-0.0037	-0.0021	-0.0072	0.1428	0.0118	0	0	0	0	0	0	0	0	0	0	0	0	36.7968	38.0525	5353.6153	0.7001	0	22.0574	1.2638	-83.4176	0.28	-0.1277	-1.9978
22.183	1.2371	-84.2609	0.2806	-0.0826	-2.0111	-0.1132	-0.8543	-1.0162	-2.5059	1.8544	-7.7277	-0.1053	-0.8559	-1.0143	-2.4994	1.9983	-7.7179	0.0079	-0.0016	0.0019	0.0065	0.1439	0.0098	0	0	0	0	0	0	0	0	0	0	0	0	36.7963	38.052	5353.5773	0.7008	0	22.183	1.2371	-84.2609	0.2806	-0.0826	-2.0111
22.0925	1.3212	-83.2469	0.2658	-0.1097	-2.0048	-0.1195	-0.8561	-1.0169	-2.4982	1.8585	-7.7379	-0.1076	-0.8569	-1.0133	-2.4979	1.9983	-7.7296	0.0119	-0.0008	0.0036	0.0002	0.1398	0.0083	0	0	0	0	0	0	0	0	0	0	0	0	36.7964	38.0512	5353.6766	0.7015	0	22.0925	1.3212	-83.2469	0.2658	-0.1097	-2.0048
22.1534	1.324	-83.6416	0.2507	-0.1224	-2.0165	-0.118	-0.8576	-1.0146	-2.4978	1.8646	-7.7509	-0.11	-0.8578	-1.0123	-2.4965	1.9984	-7.7412	0.008	-0.0002	0.0023	0.0014	0.1338	0.0097	0	0	0	0	0	0	0	0	0	0	0	0	36.7957	38.0511	5353.6206	0.7021	0	22.1534	1.324	-83.6416	0.2507	-0.1224	-2.0165
22.4596	1.1926	-84.1698	0.2563	-0.06	-2.0284	-0.1264	-0.8548	-1.0176	-2.5011	1.8654	-7.766	-0.1123	-0.8588	-1.0113	-2.495	1.9984	-7.7527	0.0141	-0.004	0.0062	0.0061	0.133	0.0133	0	0	0	0	0	0	0	0	0	0	0	0	36.7961	38.0509	5353.6889	0.7028	0	22.4596	1.1926	-84.1698	0.2563	-0.06	-2.0284
22.2563	1.3602	-84.4905	0.2579	-0.1037	-2.0262	-0.1211	-0.8579	-1.0119	-2.4958	1.8637	-7.773	-0.1146	-0.8597	-1.0104	-2.4935	1.9984	-7.7641	0.0065	-0.0018	0.0015	0.0022	0.1347	0.0089	0	0	0	0	0	0	0	0	0	0	0	0	36.7962	38.0497	5353.7356	0.7034	0	22.2563	1.3602	-84.4905	0.2579	-0.1037	-2.0262
22.6018	1.0517	-85.6817	0.2729	-0.026	-2.0429	-0.1268	-0.8602	-1.0129	-2.5096	1.8629	-7.7909	-0.1169	-0.8607	-1.0094	-2.4921	1.9985	-7.7755	0.0099	-0.0005	0.0035	0.0175	0.1356	0.0155	0	0	0	0	0	0	0	0	0	0	0	0	36.7964	38.0499	5353.6853	0.7041	0	22.6018	1.0517	-85.6817	0.2729	-0.026	-2.0429
22.2211	1.352	-84.0573	0.2526	-0.1259	-2.0329	-0.1265	-0.8569	-1.0159	-2.5116	1.8679	-7.796	-0.1191	-0.8616	-1.0084	-2.4906	1.9985	-7.7867	0.0074	-0.0047	0.0074	0.021	0.1306	0.0093	0	0	0	0	0	0	0	0	0	0	0	0	36.7961	38.0509	5353.6209	0.7048	0	22.2211	1.352	-84.0573	0.2526	-0.1259	-2.0329
22.27	1.3609	-84.9176	0.2589	-0.069	-2.0503	-0.1302	-0.8637	-1.0128	-2.4955	1.8737	-7.8092	-0.1214	-0.8626	-1.0075	-2.4892	1.9986	-7.7979	0.0089	0.0012	0.0053	0.0063	0.1248	0.0113	0	0	0	0	0	0	0	0	0	0	0	0	36.7956	38.0511	5353.514	0.7054	0	22.27	1.3609	-84.9176	0.2589	-0.069	-2.0503
22.1603	1.1826	-84.2356	0.2802	-0.0949	-2.0439	-0.1334	-0.8632	-1.0116	-2.5055	1.8722	-7.8244	-0.1236	-0.8635	-1.0065	-2.4877	1.9986	-7.809	0.0098	-0.0003	0.0051	0.0178	0.1264	0.0154	0	0	0	0	0	0	0	0	0	0	0	0	36.7948	38.0498	5353.5087	0.7061	0	22.1603	1.1826	-84.2356	0.2802	-0.0949	-2.0439
22.4581	1.2597	-83.9865	0.2617	-0.0568	-2.0415	-0.1376	-0.8686	-1.0064	-2.4996	1.8699	-7.836	-0.1258	-0.8644	-1.0056	-2.4863	1.9986	-7.82	0.0118	0.0042	0.0008	0.0133	0.1287	0.016	0	0	0	0	0	0	0	0	0	0	0	0	36.795	38.0495	5353.44	0.7067	0	22.4581	1.2597	-83.9865	0.2617	-0.0568	-2.0415
22.5443	1.57	-84.2977	0.2533	-0.0368	-2.0476	-0.1348	-0.8651	-1.005	-2.4822	1.8755	-7.8446	-0.128	-0.8654	-1.0046	-2.4848	1.9987	-7.8309	0.0068	-0.0003	0.0003	-0.0026	0.1232	0.0137	0	0	0	0	0	0	0	0	0	0	0	0	36.7963	38.05	5353.5288	0.7074	0	22.5443	1.57	-84.2977	0.2533	-0.0368	-2.0476
22.2001	1.6454	-83.5748	0.2611	-0.1138	-2.0459	-0.1417	-0.8639	-1.005	-2.4895	1.8771	-7.849	-0.1302	-0.8663	-1.0037	-2.4834	1.9987	-7.8418	0.0116	-0.0024	0.0013	0.0061	0.1216	0.0072	0	0	0	0	0	0	0	0	0	0	0	0	36.7948	38.0509	5353.4681	0.7081	0	22.2001	1.6454	-83.5748	0.2611	-0.1138	-2.0459
22.3106	1.3658	-84.7764	0.2961	-0.0937	-2.0629	-0.1425	-0.8623	-1.0048	-2.4727	1.8782	-7.8633	-0.1323	-0.8672	-1.0027	-2.482	1.9988	-7.8525	0.0102	-0.005	0.0021	-0.0093	0.1206	0.0108	0	0	0	0	0	0	0	0	0	0	0	0	36.795	38.0517	5353.4424	0.7087	0	22.3106	1.3658	-84.7764	0.2961	-0.0937	-2.0629
22.0465	1.6737	-83.6135	0.2451	-0.1749	-2.0467	-0.1442	-0.8668	-1.002	-2.4745	1.8855	-7.8699	-0.1345	-0.8682	-1.0018	-2.4806	1.9988	-7.8632	0.0098	-0.0013	0.0002	-0.006	0.1133	0.0067	0	0	0	0	0	0	0	0	0	0	0	0	36.7947	38.0523	5353.4075	0.7094	0	22.0465	1.6737	-83.6135	0.2451	-0.1749	-2.0467
22.6291	1.3846	-85.3217	0.2793	-0.0547	-2.0707	-0.1469	-0.8681	-1.0047	-2.4798	1.8802	-7.8854	-0.1366	-0.8691	-1.0009	-2.4792	1.9989	-7.8738	0.0104	-0.001	0.0038	0.0006	0.1187	0.0116	0	0	0	0	0	0	0	0	0	0	0	0	36.7945	38.0521	5353.5174	0.71	0	22.6291	1.3846	-85.3217	0.2793	-0.0547	-2.0707
22.5237	1.4467	-84.9738	0.2666	-0.0844	-2.0809	-0.151	-0.8732	-1.0031	-2.4822	1.8874	-7.8944	-0.1387	-0.87	-1	-2.4777	1.9989	-7.8843	0.0123	0.0032	0.0031	0.0045	0.1115	0.0101	0	0	0	0	0	0	0	0	0	0	0	0	36.7944	38.0526	5353.4994	0.7107	0	22.5237	1.4467	-84.9738	0.2666	-0.0844	-2.0809
22.6998	1.4272	-85.1037	0.2625	-0.0535	-2.0878	-0.1527	-0.8691	-1.0001	-2.4753	1.8872	-7.9051	-0.1408	-0.8709	-0.9991	-2.4763	1.999	-7.8948	0.012	-0.0017	0.001	-0.0011	0.1118	0.0104	0	0	0	0	0	0	0	0	0	0	0	0	36.7936	38.0531	5353.5048	0.7114	0	22.6998	1.4272	-85.1037	0.2625	-0.0535	-2.0878
22.6392	1.649	-84.1755	0.2542	-0.0947	-2.0859	-0.1573	-0.8675	-1.0025	-2.4945	1.8927	-7.9271	-0.1428	-0.8718	-0.9981	-2.475	1.999	-7.9051	0.0145	-0.0043	0.0043	0.0195	0.1063	0.022	0	0	0	0	0	0	0	0	0	0	0	0	36.7934	38.0536	5353.5413	0.712	0	22.6392	1.649	-84.1755	0.2542	-0.0947	-2.0859
22.7348	1.3116	-85.1251	0.2775	-0.0748	-2.0855	-0.1598	-0.8705	-0.9973	-2.4967	1.8903	-7.9334	-0.1449	-0.8727	-0.9972	-2.4736	1.999	-7.9154	0.015	-0.0022	0.0001	0.0231	0.1088	0.018	0	0	0	0	0	0	0	0	0	0	0	0	36.7927	38.0537	5353.6226	0.7127	0	22.7348	1.3116	-85.1251	0.2775	-0.0748	-2.0855
22.8999	1.4409	-85.1539	0.2781	-0.0582	-2.0913	-0.1506	-0.8748	-0.9948	-2.4713	1.8919	-7.9336	-0.1469	-0.8736	-0.9964	-2.4722	1.9991	-7.9256	0.0037	0.0012	-0.0016	-0.0009	0.1071	0.008	0	0	0	0	0	0	0	0	0	0	0	0	36.7937	38.0542	5353.6936	0.7133	0	22.8999	1.4409	-85.1539	0.2781	-0.0582	-2.0913
22.7646	1.5055	-86.045	0.2832	-0.0725	-2.0985	-0.1544	-0.8764	-0.9965	-2.481	1.8917	-7.9396	-0.1489	-0.8745	-0.9955	-2.4708	1.9991	-7.9357	0.0055	0.0019	0.001	0.0102	0.1075	0.0038	0	0	0	0	0	0	0	0	0	0	0	0	36.7952	38.053	5353.7178	0.714	0	22.7646	1.5055	-86.045	0.2832	-0.0725	-2.0985
22.5974	1.8324	-85.9504	0.2745	-0.0605	-2.0984	-0.1591	-0.8745	-0.9961	-2.474	1.8944	-7.9529	-0.1509	-0.8754	-0.9946	-2.4694	1.9992	-7.9458	0.0083	-0.0009	0.0015	0.0045	0.1048	0.0071	0	0	0	0	0	0	0	0	0	0	0	0	36.7946	38.053	5353.6559	0.7147	0	22.5974	1.8324	-85.9504	0.2745	-0.0605	-2.0984
22.6433	1.684	-86.2943	0.2991	-0.0511	-2.107	-0.1662	-0.882	-0.995	-2.483	1.8985	-7.9698	-0.1528	-0.8763	-0.9937	-2.4681	1.9992	-7.9557	0.0133	0.0057	0.0013	0.0149	0.1007	0.0142	0	0	0	0	0	0	0	0	0	0	0	0	36.7945	38.053	5353.6798	0.7153	0	22.6433	1.684	-86.2943	0.2991	-0.0511	-2.107
22.7929	1.9962	-86.795	0.2856	-0.0225	-2.1188	-0.1665	-0.8792	-0.9948	-2.4729	1.9009	-7.9758	-0.1548	-0.8772	-0.9928	-2.4667	1.9993	-7.9656	0.0117	0.0021	0.002	0.0062	0.0983	0.0103	0	0	0	0	0	0	0	0	0	0	0	0	36.7948	38.0526	5353.6408	0.716	0	22.7929	1.9962	-86.795	0.2856	-0.0225	-2.1188
22.7932	1.8492	-87.5912	0.3167	-0.0243	-2.1201	-0.1678	-0.8754	-0.991	-2.4645	1.9042	-7.9846	-0.1567	-0.878	-0.992	-2.4654	1.9993	-7.9753	0.011	-0.0026	-0.0009	-0.0008	0.0952	0.0093	0	0	0	0	0	0	0	0	0	0	0	0	36.7947	38.0528	5353.6729	0.7166	0	22.7932	1.8492	-87.5912	0.3167	-0.0243	-2.1201
22.5673	2.0183	-86.1711	0.2805	-0.0822	-2.1161	-0.1656	-0.874	-0.9888	-2.4578	1.9016	-7.9937	-0.1587	-0.8789	-0.9911	-2.464	1.9994	-7.985	0.007	-0.0049	-0.0023	-0.0062	0.0978	0.0087	0	0	0	0	0	0	0	0	0	0	0	0	36.7945	38.0521	5353.5816	0.7173	0	22.5673	2.0183	-86.1711	0.2805	-0.0822	-2.1161
22.898	1.7426	-86.5718	0.2925	-0.0246	-2.1376	-0.1693	-0.8781	-0.987	-2.4608	1.9052	-8.0079	-0.1606	-0.8798	-0.9903	-2.4627	1.9994	-7.9947	0.0088	-0.0017	-0.0032	-0.0019	0.0943	0.0133	0	0	0	0	0	0	0	0	0	0	0	0	36.7953	38.0524	5353.6339	0.718	0	22.898	1.7426	-86.5718	0.2925	-0.0246	-2.1376
22.7203	1.8315	-86.437	0.2902	-0.0624	-2.1161	-0.1771	-0.8786	-0.9887	-2.4646	1.9031	-8.0222	-0.1624	-0.8806	-0.9894	-2.4614	1.9995	-8.0042	0.0147	-0.0021	-0.0007	0.0032	0.0964	0.018	0	0	0	0	0	0	0	0	0	0	0	0	36.7964	38.0516	5353.7903	0.7186	0	22.7203	1.8315	-86.437	0.2902	-0.0624	-2.1161
22.9029	1.6251	-87.0896	0.2952	-0.0071	-2.1337	-0.1803	-0.8821	-0.9899	-2.457	1.9095	-8.0306	-0.1643	-0.8815	-0.9886	-2.4601	1.9995	-8.0136	0.016	0.0006	0.0013	-0.003	0.09	0.0169	0	0	0	0	0	0	0	0	0	0	0	0	36.7972	38.0518	5353.889	0.7193	0	22.9029	1.6251	-87.0896	0.2952	-0.0071	-2.1337
22.7101	1.95	-86.6787	0.2629	-0.0872	-2.1331	-0.1819	-0.8811	-0.9911	-2.4507	1.9106	-8.0335	-0.1661	-0.8824	-0.9877	-2.4588	1.9996	-8.023	0.0157	-0.0013	0.0033	-0.0081	0.089	0.0104	0	0	0	0	0	0	0	0	0	0	0	0	36.7983	38.052	5353.8371	0.7199	0	22.7101	1.95	-86.6787	0.2629	-0.0872	-2.1331
22.8521	1.9078	-85.5714	0.2659	-0.0963	-2.1386	-0.1797	-0.8821	-0.9875	-2.4704	1.9134	-8.0444	-0.168	-0.8832	-0.9869	-2.4574	1.9996	-8.0323	0.0117	-0.0011	0.0006	0.0129	0.0862	0.0121	0	0	0	0	0	0	0	0	0	0	0	0	36.7973	38.0512	5353.8521	0.7206	0	22.8521	1.9078	-85.5714	0.2659	-0.0963	-2.1386
23.2268	1.8564	-86.0907	0.277	-0.0232	-2.1484	-0.1737	-0.8821	-0.9868	-2.471	1.9125	-8.0555	-0.1698	-0.8841	-0.9861	-2.4562	1.9997	-8.0415	0.0039	-0.002	0.0007	0.0149	0.0872	0.014	0	0	0	0	0	0	0	0	0	0	0	0	36.7967	38.0508	5353.8161	0.7213	0	23.2268	1.8564	-86.0907	0.277	-0.0232	-2.1484
22.9538	1.9505	-85.7101	0.29	-0.0608	-2.1385	-0.1795	-0.8788	-0.9817	-2.46	1.9141	-8.0692	-0.1716	-0.8849	-0.9853	-2.4549	1.9997	-8.0506	0.008	-0.0061	-0.0036	0.0051	0.0856	0.0186	0	0	0	0	0	0	0	0	0	0	0	0	36.7976	38.0503	5353.7458	0.7219	0	22.9538	1.9505	-85.7101	0.29	-0.0608	-2.1385
22.8453	1.7775	-85.9365	0.2768	-0.0367	-2.1434	-0.1874	-0.8847	-0.9843	-2.453	1.9123	-8.0753	-0.1733	-0.8858	-0.9845	-2.4536	1.9998	-8.0597	0.014	-0.0011	-0.0001	-0.0006	0.0875	0.0156	0	0	0	0	0	0	0	0	0	0	0	0	36.7972	38.0509	5353.8339	0.7226	0	22.8453	1.7775	-85.9365	0.2768	-0.0367	-2.1434
22.7088	1.7388	-86.6562	0.2712	-0.0425	-2.1447	-0.1925	-0.889	-0.9846	-2.4606	1.9187	-8.0819	-0.1751	-0.8866	-0.9837	-2.4523	1.9998	-8.0686	0.0174	0.0024	0.001	0.0083	0.0811	0.0133	0	0	0	0	0	0	0	0	0	0	0	0	36.7954	38.0516	5353.9011	0.7232	0	22.7088	1.7388	-86.6562	0.2712	-0.0425	-2.1447
22.9334	1.8212	-87.0987	0.2987	-0.0215	-2.1504	-0.1864	-0.8836	-0.9838	-2.4525	1.9144	-8.083	-0.1768	-0.8875	-0.9829	-2.451	1.9999	-8.0775	0.0096	-0.0038	0.0009	0.0015	0.0855	0.0055	0	0	0	0	0	0	0	0	0	0	0	0	36.7955	38.0516	5353.8645	0.7239	0	22.9334	1.8212	-87.0987	0.2987	-0.0215	-2.1504
23.0201	1.8941	-86.571	0.2843	-0.0569	-2.1592	-0.1877	-0.8855	-0.9825	-2.4541	1.9215	-8.0922	-0.1785	-0.8883	-0.9821	-2.4498	1.9999	-8.0863	0.0092	-0.0028	0.0005	0.0043	0.0784	0.0059	0	0	0	0	0	0	0	0	0	0	0	0	36.7952	38.0503	5353.9278	0.7246	0	23.0201	1.8941	-86.571	0.2843	-0.0569	-2.1592
23.132	1.893	-87.332	0.2819	-0.0209	-2.1707	-0.187	-0.8863	-0.9825	-2.4556	1.9229	-8.1005	-0.1802	-0.8891	-0.9813	-2.4485	2	-8.095	0.0067	-0.0028	0.0012	0.0071	0.0771	0.0055	0	0	0	0	0	0	0	0	0	0	0	0	36.7941	38.0491	5353.7618	0.7252	0	23.132	1.893	-87.332	0.2819	-0.0209	-2.1707
23.1552	1.8594	-87.3897	0.2715	-0.0107	-2.1725	-0.1963	-0.8897	-0.9803	-2.4468	1.927	-8.1179	-0.1819	-0.8899	-0.9805	-2.4473	2	-8.1036	0.0144	-0.0002	-0.0002	-0.0004	0.073	0.0143	0	0	0	0	0	0	0	0	0	0	0	0	36.7943	38.0488	5353.7409	0.7259	0	23.1552	1.8594	-87.3897	0.2715	-0.0107	-2.1725
23.2761	1.871	-87.0905	0.2708	-0.0156	-2.1796	-0.1966	-0.8869	-0.9819	-2.4444	1.9234	-8.1294	-0.1836	-0.8908	-0.9797	-2.446	2	-8.1121	0.013	-0.0038	0.0022	-0.0017	0.0767	0.0173	0	0	0	0	0	0	0	0	0	0	0	0	36.7948	38.0492	5353.7158	0.7265	0	23.2761	1.871	-87.0905	0.2708	-0.0156	-2.1796
23.2846	1.818	-87.0973	0.2766	-0.0149	-2.1816	-0.1962	-0.8912	-0.9795	-2.4491	1.9257	-8.1305	-0.1852	-0.8916	-0.979	-2.4448	2.0001	-8.1206	0.011	-0.0004	0.0005	0.0043	0.0744	0.01	0	0	0	0	0	0	0	0	0	0	0	0	36.7949	38.0491	5353.7319	0.7272	0	23.2846	1.818	-87.0973	0.2766	-0.0149	-2.1816
23.098	1.9823	-86.7531	0.261	-0.0492	-2.1693	-0.1974	-0.8913	-0.9783	-2.4671	1.9288	-8.1369	-0.1868	-0.8924	-0.9782	-2.4436	2.0001	-8.1289	0.0106	-0.0011	0	0.0235	0.0714	0.0079	0	0	0	0	0	0	0	0	0	0	0	0	36.7948	38.0497	5353.6449	0.7279	0	23.098	1.9823	-86.7531	0.261	-0.0492	-2.1693
23.1269	2.0256	-85.8412	0.271	-0.0609	-2.1714	-0.1979	-0.8919	-0.9766	-2.4662	1.9313	-8.1458	-0.1885	-0.8932	-0.9775	-2.4423	2.0002	-8.1372	0.0094	-0.0013	-0.0009	0.0239	0.0689	0.0085	0	0	0	0	0	0	0	0	0	0	0	0	36.7946	38.0493	5353.6874	0.7285	0	23.1269	2.0256	-85.8412	0.271	-0.0609	-2.1714
23.064	2.1666	-87.6364	0.2944	-0.0506	-2.18	-0.2022	-0.8891	-0.9754	-2.4585	1.9294	-8.1567	-0.19	-0.894	-0.9767	-2.4411	2.0002	-8.1454	0.0122	-0.0049	-0.0014	0.0173	0.0709	0.0113	0	0	0	0	0	0	0	0	0	0	0	0	36.7947	38.0493	5353.6385	0.7292	0	23.064	2.1666	-87.6364	0.2944	-0.0506	-2.18
23.1046	2.2706	-87.7729	0.2947	-0.0367	-2.1852	-0.1994	-0.8921	-0.978	-2.4521	1.9318	-8.1605	-0.1916	-0.8948	-0.976	-2.4399	2.0003	-8.1535	0.0078	-0.0027	0.002	0.0122	0.0684	0.0069	0	0	0	0	0	0	0	0	0	0	0	0	36.7943	38.0494	5353.6984	0.7298	0	23.1046	2.2706	-87.7729	0.2947	-0.0367	-2.1852
22.9465	2.3448	-88.1378	0.3067	-0.0423	-2.1906	-0.2045	-0.8926	-0.9804	-2.448	1.9349	-8.1748	-0.1932	-0.8956	-0.9753	-2.4387	2.0003	-8.1616	0.0113	-0.003	0.0052	0.0093	0.0654	0.0132	0	0	0	0	0	0	0	0	0	0	0	0	36.7952	38.0501	5353.7034	0.7305	0	22.9465	2.3448	-88.1378	0.3067	-0.0423	-2.1906
22.841	2.2538	-87.7698	0.3175	-0.0678	-2.1811	-0.205	-0.8976	-0.9778	-2.4479	1.937	-8.1808	-0.1947	-0.8964	-0.9745	-2.4375	2.0003	-8.1695	0.0103	0.0012	0.0033	0.0104	0.0633	0.0113	0	0	0	0	0	0	0	0	0	0	0	0	36.794	38.0507	5353.7398	0.7312	0	22.841	2.2538	-87.7698	0.3175	-0.0678	-2.1811
23.0106	2.4188	-87.9941	0.2918	-0.0406	-2.1962	-0.2104	-0.8937	-0.9783	-2.4438	1.934	-8.1914	-0.1962	-0.8972	-0.9738	-2.4364	2.0004	-8.1774	0.0141	-0.0035	0.0045	0.0075	0.0664	0.014	0	0	0	0	0	0	0	0	0	0	0	0	36.7943	38.0509	5353.7382	0.7318	0	23.0106	2.4188	-87.9941	0.2918	-0.0406	-2.1962
22.9438	2.371	-87.4389	0.3035	-0.065	-2.193	-0.209	-0.895	-0.9759	-2.4255	1.9372	-8.202	-0.1977	-0.898	-0.9731	-2.4352	2.0004	-8.1852	0.0112	-0.003	0.0028	-0.0097	0.0632	0.0168	0	0	0	0	0	0	0	0	0	0	0	0	36.795	38.0513	5353.7228	0.7325	0	22.9438	2.371	-87.4389	0.3035	-0.065	-2.193
23.0695	2.1331	-86.8963	0.2951	-0.0506	-2.1917	-0.209	-0.8973	-0.9779	-2.4379	1.9389	-8.1993	-0.1992	-0.8988	-0.9724	-2.434	2.0005	-8.1929	0.0098	-0.0014	0.0054	0.0039	0.0616	0.0064	0	0	0	0	0	0	0	0	0	0	0	0	36.7954	38.0507	5353.7518	0.7331	0	23.0695	2.1331	-86.8963	0.2951	-0.0506	-2.1917
23.0921	2.063	-86.3154	0.2812	-0.0309	-2.1946	-0.2053	-0.8972	-0.9708	-2.4242	1.9404	-8.209	-0.2007	-0.8995	-0.9717	-2.4329	2.0005	-8.2005	0.0046	-0.0023	-0.0009	-0.0087	0.0601	0.0085	0	0	0	0	0	0	0	0	0	0	0	0	36.7962	38.0513	5353.7344	0.7338	0	23.0921	2.063	-86.3154	0.2812	-0.0309	-2.1946
22.6214	2.06	-84.8416	0.2723	-0.1246	-2.1846	-0.2156	-0.9018	-0.9701	-2.4258	1.947	-8.2162	-0.2021	-0.9003	-0.971	-2.4317	2.0005	-8.208	0.0135	0.0015	-0.0009	-0.0059	0.0535	0.0082	0	0	0	0	0	0	0	0	0	0	0	0	36.796	38.0505	5353.5912	0.7345	0	22.6214	2.06	-84.8416	0.2723	-0.1246	-2.1846
23.0602	2.0767	-85.0981	0.2755	-0.0535	-2.1948	-0.2148	-0.9017	-0.9712	-2.4261	1.9464	-8.2247	-0.2035	-0.9011	-0.9703	-2.4306	2.0006	-8.2155	0.0113	0.0006	0.0009	-0.0045	0.0542	0.0093	0	0	0	0	0	0	0	0	0	0	0	0	36.7956	38.0507	5353.6865	0.7351	0	23.0602	2.0767	-85.0981	0.2755	-0.0535	-2.1948
23.0967	2.1525	-86.5763	0.2734	-0.0242	-2.2074	-0.2199	-0.9023	-0.969	-2.4354	1.9412	-8.2401	-0.2049	-0.9018	-0.9697	-2.4294	2.0006	-8.2228	0.015	0.0005	-0.0007	0.006	0.0595	0.0173	0	0	0	0	0	0	0	0	0	0	0	0	36.7966	38.051	5353.7745	0.7358	0	23.0967	2.1525	-86.5763	0.2734	-0.0242	-2.2074
23.0591	2.249	-87.1592	0.2793	-0.0515	-2.2024	-0.2206	-0.901	-0.9703	-2.4425	1.9442	-8.2451	-0.2063	-0.9026	-0.969	-2.4283	2.0007	-8.2301	0.0143	-0.0015	0.0013	0.0142	0.0565	0.015	0	0	0	0	0	0	0	0	0	0	0	0	36.7963	38.0506	5353.8713	0.7364	0	23.0591	2.249	-87.1592	0.2793	-0.0515	-2.2024
23.2855	2.1707	-86.5028	0.2965	-0.034	-2.2102	-0.2182	-0.8999	-0.9691	-2.4296	1.947	-8.2446	-0.2077	-0.9033	-0.9683	-2.4272	2.0007	-8.2373	0.0105	-0.0035	0.0008	0.0024	0.0537	0.0073	0	0	0	0	0	0	0	0	0	0	0	0	36.7958	38.0511	5353.8472	0.7371	0	23.2855	2.1707	-86.5028	0.2965	-0.034	-2.2102
23.1446	2.2106	-86.8982	0.2947	-0.0441	-2.2162	-0.2205	-0.9042	-0.9666	-2.4264	1.9486	-8.2526	-0.2091	-0.9041	-0.9677	-2.4261	2.0007	-8.2444	0.0115	0.0001	-0.001	0.0003	0.0521	0.0082	0	0	0	0	0	0	0	0	0	0	0	0	36.7962	38.0503	5353.8025	0.7378	0	23.1446	2.2106	-86.8982	0.2947	-0.0441	-2.2162
23.1054	2.214	-85.8864	0.2856	-0.0638	-2.203	-0.223	-0.9056	-0.9667	-2.4289	1.9486	-8.2641	-0.2104	-0.9048	-0.967	-2.425	2.0008	-8.2515	0.0126	0.0007	-0.0003	0.0039	0.0522	0.0126	0	0	0	0	0	0	0	0	0	0	0	0	36.7968	38.0508	5353.8198	0.7384	0	23.1054	2.214	-85.8864	0.2856	-0.0638	-2.203
23.1067	2.1872	-86.0346	0.2756	-0.052	-2.2182	-0.2225	-0.9047	-0.9671	-2.426	1.9516	-8.2751	-0.2117	-0.9056	-0.9664	-2.4239	2.0008	-8.2584	0.0107	-0.0009	0.0007	0.0021	0.0492	0.0167	0	0	0	0	0	0	0	0	0	0	0	0	36.7956	38.0513	5353.7954	0.7391	0	23.1067	2.1872	-86.0346	0.2756	-0.052	-2.2182
22.8504	2.2521	-85.3468	0.2811	-0.1097	-2.2013	-0.2243	-0.9057	-0.968	-2.4229	1.9586	-8.2797	-0.213	-0.9063	-0.9658	-2.4228	2.0008	-8.2652	0.0113	-0.0006	0.0023	0	0.0423	0.0144	0	0	0	0	0	0	0	0	0	0	0	0	36.795	38.0515	5353.8234	0.7397	0	22.8504	2.2521	-85.3468	0.2811	-0.1097	-2.2013
23.0617	2.2939	-85.8676	0.2793	-0.0639	-2.2153	-0.2289	-0.9038	-0.9664	-2.4268	1.9532	-8.2804	-0.2143	-0.907	-0.9651	-2.4217	2.0009	-8.272	0.0146	-0.0032	0.0013	0.0051	0.0477	0.0084	0	0	0	0	0	0	0	0	0	0	0	0	36.7951	38.052	5353.8921	0.7404	0	23.0617	2.2939	-85.8676	0.2793	-0.0639	-2.2153
23.1645	2.1411	-85.9573	0.2792	-0.0529	-2.2126	-0.2311	-0.9041	-0.9634	-2.4135	1.9507	-8.29	-0.2156	-0.9078	-0.9645	-2.4207	2.0009	-8.2787	0.0155	-0.0037	-0.0011	-0.0071	0.0502	0.0113	0	0	0	0	0	0	0	0	0	0	0	0	36.7944	38.0519	5353.9266	0.7411	0	23.1645	2.1411	-85.9573	0.2792	-0.0529	-2.2126
23.1337	2.2644	-86.0964	0.2591	-0.0819	-2.2196	-0.2273	-0.9074	-0.9622	-2.4299	1.9548	-8.2987	-0.2168	-0.9085	-0.9639	-2.4196	2.0009	-8.2853	0.0105	-0.0011	-0.0017	0.0103	0.0462	0.0134	0	0	0	0	0	0	0	0	0	0	0	0	36.7929	38.0525	5353.898	0.7417	0	23.1337	2.2644	-86.0964	0.2591	-0.0819	-2.2196
23.3111	2.0588	-86.36	0.2887	-0.0462	-2.2238	-0.2242	-0.9089	-0.961	-2.4179	1.9556	-8.2975	-0.2181	-0.9092	-0.9633	-2.4186	2.001	-8.2919	0.0061	-0.0003	-0.0023	-0.0006	0.0454	0.0056	0	0	0	0	0	0	0	0	0	0	0	0	36.7919	38.0528	5353.9624	0.7424	0	23.3111	2.0588	-86.36	0.2887	-0.0462	-2.2238
